1214880 y 0 486 138 99 149
1214918 y 5 496 136 98 151
1214957 y 10 492 142 113 151
1215036 y 15 497 141 124 159
1215136 y 20 504 149 126 165
1215235 y 25 530 150 127 165
1215334 y 30 534 166 135 187
1215433 y 35 556 255 139 255
1215524 y 40 551 255 149 255
1215612 y 45 484 195 164 255
1215700 y 50 344 154 174 255
1215794 y 55 231 138 192 255
1215892 y 60 193 129 205 255
1215992 y 65 187 129 214 255
1216094 y 70 175 120 178 255
1216193 y 75 169 116 191 255
1216290 y 80 160 112 177 255
1216386 y 85 155 103 172 255
1216480 y 90 152 96 152 255
1217075 y 95 151 100 146 255
1217114 y 100 144 99 147 255
1217152 y 105 149 110 154 255
1217244 y 110 159 115 181 255
1217340 y 115 156 117 176 255
1217435 y 120 160 122 192 255
1217530 y 125 183 127 205 255
1217626 y 130 263 139 227 255
1217721 y 135 283 146 232 255
1217816 y 140 233 160 236 255
1217911 y 145 178 167 256 255
1218007 y 150 156 180 304 255
1218104 y 155 140 255 350 255
1218211 y 160 133 255 409 255
1218307 y 165 130 255 468 165
1218403 y 170 128 255 510 157
1218498 y 175 121 158 514 149
1219092 y 180 106 155 509 143
1219130 y 175 106 153 511 147
1219169 y 170 108 157 510 147
1219254 y 165 118 255 508 153
1219360 y 160 125 255 501 158
1219457 y 155 126 255 443 255
1219552 y 150 134 255 380 255
1219648 y 145 141 178 303 255
1219732 y 140 146 167 272 255
1219819 y 135 159 159 244 255
1219911 y 130 210 144 241 255
1220006 y 125 274 135 231 255
1220102 y 120 280 126 231 255
1220197 y 115 197 120 197 255
1220292 y 110 165 114 181 255
1220387 y 105 159 106 174 255
1220484 y 100 151 109 181 255
1220578 y 95 154 100 158 255
1220673 y 90 150 98 147 255
1220769 y 85 151 101 147 255
1220865 y 80 155 105 160 255
1220961 y 75 152 112 180 255
1221057 y 70 155 120 180 255
1221153 y 65 157 117 199 255
1221250 y 60 172 125 223 255
1221346 y 55 177 135 209 255
1221442 y 50 195 145 188 255
1221538 y 45 217 170 175 255
1221637 y 40 303 204 162 255
1221737 y 35 447 255 152 255
1221841 y 30 542 205 141 255
1221943 y 25 553 159 135 191
1222036 y 20 552 147 129 172
1222129 y 15 521 146 125 161
1222223 y 10 506 140 125 158
1222318 y 5 505 144 117 159
1222413 y 0 493 143 97 143