1229103 y 0 165 255 436 161
1229140 y 5 170 255 430 161
1229229 y 10 168 255 429 164
1229324 y 15 171 255 450 166
1229420 y 20 176 255 462 170
1229516 y 25 173 255 462 177
1229612 y 30 181 255 464 186
1229708 y 35 187 255 456 255
1229803 y 40 195 255 324 255
1229899 y 45 207 255 255 255
1229995 y 50 223 255 237 255
1230091 y 55 246 255 215 255
1230187 y 60 271 255 201 255
1230282 y 65 300 255 196 193
1230379 y 70 355 255 182 183
1230475 y 75 414 255 178 180
1230570 y 80 549 255 168 172
1230666 y 85 733 255 167 167
1230750 y 90 801 255 163 166
1231345 y 95 803 255 163 166
1231384 y 100 800 255 160 166
1231422 y 105 800 255 168 169
1231528 y 110 732 255 172 169
1231624 y 115 569 255 178 174
1231720 y 120 335 255 188 178
1231815 y 125 229 255 200 186
1231911 y 130 207 255 210 194
1232007 y 135 212 255 224 255
1232103 y 140 223 255 242 255
1232187 y 145 242 201 244 255
1232273 y 150 247 196 220 255
1232368 y 155 271 185 211 255
1232468 y 160 312 177 204 255
1232571 y 165 348 169 194 255
1232668 y 170 419 165 186 255
1232763 y 175 449 160 186 255
1233359 y 180 442 156 175 255
1233397 y 175 442 157 175 255
1233435 y 170 445 160 179 255
1233525 y 165 453 162 183 255
1233620 y 160 445 168 191 255
1233716 y 155 392 177 195 255
1233810 y 150 331 182 207 255
1233896 y 145 292 194 222 255
1233994 y 140 263 206 240 255
1234093 y 135 247 255 245 255
1234201 y 130 233 255 227 255
1234306 y 125 218 255 212 255
1234402 y 120 215 255 197 193
1234498 y 115 216 255 188 183
1234593 y 110 277 255 176 175
1234690 y 105 485 255 172 171
1234785 y 100 703 255 167 170
1234878 y 95 774 255 165 166
1234966 y 90 796 255 167 163
1235061 y 85 800 255 163 163
1235158 y 80 803 255 166 170
1235256 y 75 777 255 170 173
1235360 y 70 630 255 173 173
1235456 y 65 479 255 180 183
1235552 y 60 378 255 188 192
1235648 y 55 323 255 199 255
1235743 y 50 288 255 207 255
1235840 y 45 256 255 224 255
1235935 y 40 235 255 249 255
1236031 y 35 217 255 277 255
1236127 y 30 203 255 419 255
1236222 y 25 189 255 459 188
1236319 y 20 182 255 460 184
1236414 y 15 177 255 456 175
1236510 y 10 174 255 454 169
1236605 y 5 172 255 432 164
1236702 y 0 167 255 425 161