10543 l 0 141 100 421 164
10574 l 3 140 99 419 161
10606 l 6 137 96 417 161
10665 l 9 140 101 423 163
10725 l 12 142 103 437 168
10784 l 15 144 102 435 175
10844 l 18 149 105 442 175
10903 l 21 150 105 442 180
10962 l 24 155 106 476 181
11022 l 27 160 111 501 189
11081 l 30 165 112 557 190
11141 l 33 169 116 644 196
11200 l 36 177 119 755 195
11260 l 39 180 123 856 192
11320 l 42 187 128 909 191
11378 l 45 201 134 702 180
11439 l 48 206 140 322 168
11498 l 51 255 146 237 155
11557 l 54 255 159 204 150
11617 l 57 205 167 186 137
11676 l 60 202 178 178 131
11736 l 63 196 189 176 127
11795 l 66 190 255 168 117
11854 l 69 176 255 163 113
11914 l 72 172 255 160 114
11973 l 75 168 255 157 112
12033 l 78 165 255 152 109
12092 l 81 163 255 152 107
12151 l 84 161 255 147 107
12211 l 87 159 255 144 105
12270 l 90 159 255 143 100
12329 l 93 157 255 145 101
12389 l 96 156 255 145 100
12448 l 99 158 255 144 104
12508 l 102 160 255 145 105
12567 l 105 163 255 148 107
12627 l 108 165 255 150 108
12686 l 111 168 255 156 106
12746 l 114 173 255 159 114
12806 l 117 178 255 160 112
12865 l 120 183 255 165 116
12924 l 123 185 255 169 120
12984 l 126 185 255 175 123
13043 l 129 186 255 184 130
13103 l 132 180 255 192 132
13162 l 135 174 255 206 143
13221 l 138 161 255 214 148
13281 l 141 150 189 218 156
13340 l 144 144 186 220 169
13400 l 147 137 178 215 182
13459 l 150 129 171 210 195
13518 l 153 125 170 202 208
13578 l 156 120 164 195 232
13638 l 159 116 158 190 256
13698 l 162 114 155 185 302
13757 l 165 109 152 180 346
13816 l 168 110 150 177 391
13876 l 171 105 148 171 414
13935 l 174 103 148 171 422
13995 l 177 101 143 164 432
14554 l 180 102 142 159 425
14585 l 177 100 141 163 419
14617 l 174 101 141 159 424
14663 l 171 100 140 161 425
14723 l 168 103 140 171 430
14781 l 165 103 144 169 422
14840 l 162 105 147 172 397
14900 l 159 106 150 179 355
14959 l 156 108 151 180 305
15019 l 153 113 155 187 272
15078 l 150 116 160 192 236
15136 l 147 119 168 197 216
15196 l 144 124 169 206 194
15255 l 141 128 175 213 185
15314 l 138 135 175 220 171
15374 l 135 145 175 217 156
15432 l 132 152 175 215 149
15492 l 129 165 186 215 144
15551 l 126 172 255 199 138
15610 l 123 179 255 191 127
15670 l 120 187 255 179 124
15729 l 117 186 255 173 118
15788 l 114 186 255 169 119
15847 l 111 181 255 162 114
15906 l 108 183 255 160 111
15966 l 105 173 255 154 111
16025 l 102 168 255 155 108
16083 l 99 165 255 150 103
16143 l 96 164 255 150 105
16202 l 93 159 255 145 103
16262 l 90 160 255 145 99
16321 l 87 157 255 143 102
16379 l 84 154 255 141 103
16439 l 81 157 255 143 105
16498 l 78 159 255 144 103
16558 l 75 161 255 148 108
16617 l 72 163 255 152 107
16675 l 69 166 255 154 111
16735 l 66 168 255 159 111
16794 l 63 172 255 160 115
16854 l 60 177 255 167 120
16913 l 57 184 255 170 122
16971 l 54 191 255 176 129
17031 l 51 194 187 181 139
17090 l 48 204 173 192 142
17149 l 45 255 153 215 155
17209 l 42 255 148 261 165
17267 l 39 255 142 427 181
17327 l 36 203 135 849 192
17386 l 33 190 127 909 196
17445 l 30 179 122 819 197
17505 l 27 172 120 692 192
17563 l 24 169 114 595 194
17623 l 21 165 111 529 184
17682 l 18 160 111 481 181
17741 l 15 154 108 459 178
17801 l 12 155 106 443 172
17860 l 9 147 104 439 170
17920 l 6 144 103 433 168
17979 l 3 141 102 424 164
18538 l 0 138 98 420 160
18570 l 3 139 99 419 163
18629 l 6 140 98 421 162
18689 l 9 143 99 428 164
18748 l 12 144 100 431 164
18807 l 15 146 105 437 166
18867 l 18 149 105 445 171
18926 l 21 153 103 464 172
18984 l 24 153 109 485 180
19044 l 27 158 109 535 185
19103 l 30 164 112 605 188
19163 l 33 165 115 686 191
19221 l 36 174 121 827 198
19280 l 39 179 127 916 195
19340 l 42 190 129 837 194
19399 l 45 197 135 454 186
19459 l 48 205 142 263 181
19517 l 51 255 146 216 164
19576 l 54 255 159 193 152
19636 l 57 204 164 181 146
19695 l 60 201 180 174 135
19755 l 63 190 255 172 127
19813 l 66 185 255 165 124
19872 l 69 181 255 162 119
19932 l 72 175 255 158 115
19991 l 75 171 255 152 112
20050 l 78 169 255 151 112
20109 l 81 163 255 149 111
20168 l 84 161 255 144 104
20228 l 87 158 255 141 102
20287 l 90 157 255 143 103
20346 l 93 156 255 139 101
20405 l 96 156 255 143 101
20464 l 99 156 255 143 103
20524 l 102 158 255 148 105
20583 l 105 161 255 150 105
20642 l 108 165 255 155 108
20701 l 111 170 255 158 108
20760 l 114 174 255 160 107
20819 l 117 178 255 163 109
20879 l 120 181 255 170 113
20938 l 123 183 255 174 116
20998 l 126 186 255 182 121
21056 l 129 187 255 192 122
21115 l 132 181 255 198 129
21175 l 135 177 255 208 135
21234 l 138 166 176 215 143
21294 l 141 153 189 216 149
21352 l 144 148 179 218 162
21411 l 147 134 175 212 169
21471 l 150 128 175 206 187
21530 l 153 123 169 196 198
21590 l 156 120 164 190 216
21649 l 159 114 160 182 242
21707 l 162 111 153 181 275
21767 l 165 109 150 174 316
21826 l 168 109 148 174 366
21885 l 171 108 149 170 403
21945 l 174 101 143 167 420
22004 l 177 103 145 163 433
22563 l 180 100 140 161 424
22595 l 177 100 141 161 425
22626 l 174 97 140 158 428
22678 l 171 101 142 163 428
22737 l 168 101 143 166 422
22796 l 165 106 145 168 412
22856 l 162 104 147 171 396
22916 l 159 106 150 179 354
22975 l 156 111 154 181 307
23034 l 153 112 155 182 261
23094 l 150 115 163 189 231
23153 l 147 121 167 199 212
23213 l 144 126 168 204 192
23272 l 141 128 171 214 176
23331 l 138 134 171 217 166
23391 l 135 140 175 220 156
23450 l 132 153 183 216 146
23510 l 129 166 255 210 138
23569 l 126 175 255 201 135
23628 l 123 180 255 194 128
23688 l 120 185 255 186 122
23747 l 117 186 255 178 120
23808 l 114 184 255 174 117
23867 l 111 180 255 162 115
23925 l 108 177 255 161 109
23986 l 105 175 255 157 109
24045 l 102 169 255 155 109
24104 l 99 167 255 149 105
24164 l 96 162 255 146 102
24223 l 93 161 255 147 101
24283 l 90 158 255 145 102
24342 l 87 155 255 145 101
24401 l 84 156 255 145 101
24461 l 81 159 255 143 104
24520 l 78 160 255 145 108
24580 l 75 161 255 148 105
24639 l 72 162 255 152 110
24698 l 69 165 255 152 111
24758 l 66 169 255 155 109
24817 l 63 170 255 160 115
24877 l 60 177 255 164 120
24937 l 57 182 255 166 130
24995 l 54 192 255 174 130
25056 l 51 199 180 178 138
25115 l 48 205 172 182 141
25175 l 45 255 161 199 152
25234 l 42 255 150 220 165
25293 l 39 255 142 299 179
25353 l 36 197 136 684 188
25412 l 33 189 129 901 195
25472 l 30 181 125 874 193
25531 l 27 174 117 762 195
25590 l 24 167 115 633 190
25650 l 21 160 111 557 189
25709 l 18 159 113 498 183
25769 l 15 155 109 472 178
25828 l 12 154 107 450 176
25887 l 9 148 105 434 171
25948 l 6 145 104 438 167
26006 l 3 145 104 432 162
26566 l 0 139 99 423 162
26598 l 3 141 97 419 159
26629 l 6 139 96 425 161
26685 l 9 142 100 428 162
26744 l 12 144 102 438 167
26804 l 15 149 101 437 169
26862 l 18 151 103 446 175
26921 l 21 150 105 458 176
26981 l 24 156 109 495 180
27040 l 27 161 106 537 185
27100 l 30 162 113 597 190
27158 l 33 169 116 702 198
27217 l 36 174 120 799 198
27277 l 39 181 122 916 197
27336 l 42 189 127 845 191
27396 l 45 198 132 489 184
27454 l 48 205 139 267 169
27513 l 51 255 144 218 164
27573 l 54 255 154 190 149
27632 l 57 203 169 181 137
27692 l 60 199 182 176 132
27750 l 63 191 191 169 127
27809 l 66 186 255 167 122
27869 l 69 183 255 161 118
27928 l 72 175 255 157 113
27987 l 75 170 255 155 109
28046 l 78 164 255 152 107
28105 l 81 164 255 150 107
28165 l 84 163 255 146 105
28224 l 87 159 255 145 101
28283 l 90 160 255 141 100
28343 l 93 154 255 142 102
28401 l 96 157 255 144 102
28461 l 99 160 255 142 104
28520 l 102 160 255 149 105
28579 l 105 165 255 152 106
28639 l 108 160 255 155 106
28698 l 111 169 255 155 109
28758 l 114 171 255 159 112
28816 l 117 175 255 166 112
28875 l 120 181 255 170 116
28935 l 123 188 255 176 119
28994 l 126 187 255 179 121
29053 l 129 186 255 188 129
29113 l 132 189 255 203 134
29171 l 135 175 255 209 140
29231 l 138 164 255 215 148
29290 l 141 154 181 217 157
29349 l 144 147 180 217 163
29409 l 147 137 177 212 180
29468 l 150 133 174 206 189
29527 l 153 123 170 198 208
29586 l 156 118 165 194 224
29645 l 159 119 160 187 256
29705 l 162 113 156 179 310
29764 l 165 111 153 177 349
29822 l 168 108 150 172 388
29882 l 171 105 146 167 411
29941 l 174 104 146 164 429
30001 l 177 100 142 166 425
30560 l 180 100 141 158 422
30592 l 177 101 141 161 422
30647 l 174 100 141 160 420
30706 l 171 99 143 161 430
30766 l 168 103 140 163 426
30825 l 165 104 144 166 415
30884 l 162 105 146 169 388
30944 l 159 108 151 171 350
31003 l 156 109 152 179 300
31063 l 153 113 157 184 262
31123 l 150 114 161 190 231
31182 l 147 117 164 196 210
31242 l 144 125 167 202 194
31301 l 141 130 173 208 181
31361 l 138 134 171 213 171
31420 l 135 142 184 219 157
31479 l 132 153 255 218 146
31539 l 129 163 187 212 141
31598 l 126 171 255 208 135
31657 l 123 180 255 199 130
31717 l 120 185 255 192 123
31776 l 117 182 255 182 121
31836 l 114 183 255 173 119
31895 l 111 177 255 164 112
31954 l 108 179 255 164 108
32014 l 105 175 255 161 108
32074 l 102 167 255 158 107
32133 l 99 163 255 152 107
32192 l 96 165 255 151 103
32252 l 93 162 255 147 104
32312 l 90 156 255 143 103
32371 l 87 159 255 141 101
32431 l 84 159 255 137 102
32490 l 81 158 255 141 101
32549 l 78 159 255 142 107
32609 l 75 160 255 146 110
32668 l 72 160 255 150 106
32728 l 69 165 255 151 107
32787 l 66 166 255 155 112
32846 l 63 172 255 157 116
32907 l 60 176 255 159 120
32965 l 57 181 255 165 124
33025 l 54 190 255 170 131
33085 l 51 198 182 174 139
33144 l 48 205 164 184 145
33204 l 45 255 156 194 156
33263 l 42 255 146 210 171
33323 l 39 206 144 246 178
33382 l 36 200 137 393 184
33441 l 33 194 132 793 193
33501 l 30 181 125 888 199
33560 l 27 175 120 834 194
33619 l 24 167 116 715 188
33679 l 21 165 113 602 188
33739 l 18 157 112 531 183
33798 l 15 157 107 486 180
33857 l 12 152 106 469 174
33917 l 9 149 106 454 170
33976 l 6 147 103 442 170
34036 l 3 143 99 435 166
34595 l 0 139 98 421 160
34626 l 3 141 99 417 161
34679 l 6 140 100 422 161
34739 l 9 142 99 424 162
34798 l 12 143 102 432 163
34857 l 15 145 102 442 169
34916 l 18 152 106 443 173
34975 l 21 152 105 460 173
35035 l 24 156 109 497 179
35094 l 27 160 112 540 186
35153 l 30 166 115 613 190
35213 l 33 168 115 692 192
35272 l 36 171 119 826 197
35332 l 39 180 123 904 195
35390 l 42 192 130 841 195
35449 l 45 204 132 492 188
35509 l 48 255 138 279 177
35568 l 51 255 145 220 164
35628 l 54 255 157 194 152
35686 l 57 205 163 179 144
35745 l 60 204 185 175 134
35805 l 63 195 255 171 127
35864 l 66 184 255 166 125
35923 l 69 181 255 160 119
35982 l 72 172 255 156 113
36041 l 75 171 255 153 114
36101 l 78 165 255 153 109
36160 l 81 162 255 150 108
36219 l 84 160 255 145 108
36278 l 87 157 255 144 106
36337 l 90 157 255 141 101
36397 l 93 157 255 141 102
36456 l 96 159 255 144 101
36515 l 99 160 255 143 100
36574 l 102 160 255 148 105
36633 l 105 164 255 150 107
36692 l 108 166 255 151 111
36752 l 111 168 255 156 108
36811 l 114 173 255 157 111
36871 l 117 176 255 164 109
36929 l 120 180 255 170 114
36988 l 123 183 255 176 117
37048 l 126 188 255 183 123
37107 l 129 187 255 193 128
37167 l 132 182 255 199 129
37226 l 135 178 255 209 136
37285 l 138 170 194 215 146
37344 l 141 156 181 219 153
37403 l 144 143 178 216 162
37463 l 147 135 179 214 171
37522 l 150 127 174 207 186
37581 l 153 124 169 196 198
37641 l 156 118 162 193 219
37699 l 159 115 161 188 240
37758 l 162 112 156 180 281
37818 l 165 110 153 176 326
37877 l 168 107 151 176 374
37937 l 171 105 149 170 402
37996 l 174 101 146 166 421
38054 l 177 101 143 167 430
38615 l 180 100 143 161 425
38645 l 177 100 141 160 419
38677 l 174 100 140 157 425
38736 l 171 100 140 162 432
38796 l 168 103 144 165 426
38855 l 165 104 143 167 421
38915 l 162 106 148 170 386
38974 l 159 108 151 174 348
39033 l 156 110 155 178 310
39093 l 153 112 156 182 265
39153 l 150 119 161 189 229
39212 l 147 119 162 196 209
39271 l 144 124 168 206 194
39331 l 141 127 172 212 179
39391 l 138 135 175 212 168
39450 l 135 141 184 217 162
39510 l 132 151 185 217 148
39569 l 129 159 188 213 138
39628 l 126 175 152 207 133
39688 l 123 184 255 195 127
39747 l 120 190 255 185 124
39806 l 117 188 255 178 120
39866 l 114 186 255 173 116
39925 l 111 176 255 163 114
39985 l 108 176 255 164 112
40044 l 105 172 255 160 109
40103 l 102 169 255 153 105
40163 l 99 165 255 151 107
40222 l 96 161 255 148 104
40282 l 93 162 255 146 100
40342 l 90 157 255 143 102
40401 l 87 156 255 142 101
40460 l 84 158 255 138 101
40520 l 81 159 255 142 103
40580 l 78 158 255 146 104
40639 l 75 160 255 146 108
40698 l 72 163 255 147 107
40758 l 69 163 255 151 110
40817 l 66 169 255 154 112
40877 l 63 173 255 157 116
40936 l 60 181 255 165 119
40995 l 57 183 255 167 125
41055 l 54 191 255 173 129
41114 l 51 203 184 174 138
41175 l 48 255 168 184 141
41234 l 45 255 158 201 156
41292 l 42 255 147 222 166
41353 l 39 205 144 293 177
41412 l 36 201 134 587 192
41472 l 33 190 131 907 194
41531 l 30 185 122 882 198
41590 l 27 170 119 759 192
41650 l 24 170 117 639 191
41709 l 21 161 114 557 185
41768 l 18 160 111 500 182
41828 l 15 155 109 478 179
41887 l 12 151 105 456 176
41947 l 9 150 103 441 169
42007 l 6 143 105 435 167
42065 l 3 141 104 433 164
42626 l 0 137 98 422 159
42657 l 3 141 98 420 164
42688 l 6 141 100 418 158
42737 l 9 142 97 426 162
42797 l 12 143 98 430 168
42855 l 15 145 102 438 170
42914 l 18 152 103 441 174
42974 l 21 153 108 476 176
43033 l 24 158 109 488 181
43092 l 27 161 111 514 187
43151 l 30 162 111 596 190
43210 l 33 168 117 687 194
43270 l 36 172 118 797 195
43329 l 39 183 121 904 197
43388 l 42 193 127 873 186
43448 l 45 198 132 437 183
43507 l 48 255 137 251 170
43567 l 51 255 150 212 157
43625 l 54 255 159 194 149
43684 l 57 255 173 183 138
43744 l 60 205 179 175 132
43803 l 63 192 255 169 125
43862 l 66 190 255 165 123
43921 l 69 178 255 160 117
43980 l 72 175 255 157 119
44040 l 75 170 255 152 109
44099 l 78 163 255 153 108
44157 l 81 163 255 147 108
44217 l 84 161 255 147 106
44276 l 87 158 255 145 104
44336 l 90 156 255 146 102
44395 l 93 157 255 142 100
44454 l 96 156 255 142 100
44514 l 99 159 255 144 101
44573 l 102 160 255 147 104
44632 l 105 162 255 150 109
44691 l 108 164 255 152 106
44750 l 111 167 255 156 108
44810 l 114 174 255 158 111
44869 l 117 176 255 163 111
44928 l 120 182 255 170 114
44987 l 123 186 255 174 119
45046 l 126 187 255 184 122
45106 l 129 186 255 189 131
45165 l 132 186 255 199 137
45224 l 135 177 255 210 141
45283 l 138 172 255 215 143
45342 l 141 152 185 219 153
45402 l 144 142 180 215 168
45461 l 147 135 179 213 180
45520 l 150 125 170 204 194
45580 l 153 123 169 197 209
45638 l 156 121 171 187 237
45698 l 159 117 161 186 261
45757 l 162 111 155 179 300
45816 l 165 109 154 176 350
45876 l 168 105 149 172 400
45935 l 171 107 146 167 420
45993 l 174 102 149 167 428
46053 l 177 103 142 165 427
46613 l 180 99 141 161 421
46644 l 177 99 143 162 422
46675 l 174 98 140 163 417
46707 l 171 101 141 162 425
46765 l 168 101 144 165 431
46825 l 165 102 146 170 412
46884 l 162 106 151 171 390
46944 l 159 106 150 177 349
47003 l 156 110 155 179 312
47063 l 153 109 158 183 265
47122 l 150 117 159 189 233
47181 l 147 122 164 197 208
47241 l 144 124 169 205 199
47300 l 141 128 170 215 177
47360 l 138 136 180 217 169
47419 l 135 143 177 216 155
47478 l 132 152 186 217 143
47538 l 129 163 255 210 140
47597 l 126 171 255 196 132
47657 l 123 183 255 190 124
47716 l 120 184 255 176 120
47776 l 117 186 255 171 121
47836 l 114 185 255 167 116
47895 l 111 181 255 166 111
47954 l 108 179 255 160 111
48014 l 105 172 255 155 105
48073 l 102 170 255 153 109
48133 l 99 165 255 152 107
48192 l 96 165 255 145 106
48251 l 93 161 255 145 102
48311 l 90 159 255 142 103
48370 l 87 159 255 142 101
48430 l 84 156 255 143 103
48489 l 81 159 255 143 104
48549 l 78 158 255 146 103
48608 l 75 160 255 146 109
48668 l 72 159 255 149 108
48728 l 69 166 255 156 109
48786 l 66 166 255 155 110
48846 l 63 172 255 162 118
48906 l 60 176 255 164 119
48965 l 57 189 255 169 126
49025 l 54 193 255 174 130
49084 l 51 199 187 178 141
49143 l 48 204 175 190 143
49203 l 45 255 159 206 154
49262 l 42 255 148 240 166
49323 l 39 255 144 349 180
49381 l 36 201 136 713 189
49440 l 33 200 130 902 195
49501 l 30 183 125 816 194
49560 l 27 177 117 694 194
49619 l 24 167 116 631 190
49679 l 21 161 114 540 189
49738 l 18 156 109 489 184
49798 l 15 152 108 464 179
49857 l 12 153 106 445 174
49916 l 9 153 103 440 171
49976 l 6 146 103 433 168
50035 l 3 142 102 425 166
50594 l 0 142 98 419 160
50626 l 3 138 96 422 158
50675 l 6 138 100 423 156
50734 l 9 142 100 434 163
50793 l 12 144 102 431 167
50852 l 15 145 103 435 170
50912 l 18 149 103 446 171
50970 l 21 153 104 462 176
51030 l 24 151 105 496 177
51089 l 27 159 109 535 183
51148 l 30 164 113 608 189
51208 l 33 173 118 685 194
51267 l 36 176 120 822 194
51326 l 39 187 121 903 198
51386 l 42 191 129 871 192
51445 l 45 200 136 455 190
51504 l 48 255 140 263 170
51563 l 51 255 149 211 162
51622 l 54 255 156 196 153
51682 l 57 255 164 183 143
51741 l 60 255 179 175 135
51800 l 63 191 255 174 129
51859 l 66 189 255 166 122
51918 l 69 181 255 162 116
51978 l 72 175 255 157 115
52037 l 75 170 255 151 113
52096 l 78 166 255 150 108
52155 l 81 163 255 148 109
52214 l 84 163 255 145 106
52274 l 87 158 255 143 104
52333 l 90 156 255 142 102
52391 l 93 154 255 141 102
52451 l 96 155 255 144 100
52510 l 99 157 255 145 102
52570 l 102 160 255 146 104
52629 l 105 162 255 148 111
52688 l 108 166 255 149 107
52748 l 111 167 255 157 107
52807 l 114 170 255 159 110
52867 l 117 179 255 164 110
52925 l 120 184 255 169 114
52984 l 123 186 255 175 120
53044 l 126 185 255 182 120
53103 l 129 187 255 192 123
53163 l 132 182 255 201 132
53221 l 135 175 255 207 137
53280 l 138 163 255 213 141
53340 l 141 148 174 216 154
53399 l 144 143 177 218 163
53458 l 147 136 179 212 173
53518 l 150 129 173 204 190
53576 l 153 124 168 199 203
53636 l 156 119 165 192 224
53695 l 159 118 160 185 248
53754 l 162 111 154 180 286
53814 l 165 109 154 177 327
53873 l 168 107 149 172 378
53932 l 171 108 148 171 406
53991 l 174 103 146 167 426
54050 l 177 104 143 167 430
54610 l 180 101 142 163 421
54641 l 177 98 143 158 426
54678 l 174 99 140 160 424
54736 l 171 103 142 163 434
54796 l 168 102 142 168 425
54856 l 165 103 145 170 412
54916 l 162 108 148 173 384
54975 l 159 104 149 173 351
55034 l 156 109 152 179 311
55094 l 153 111 155 181 266
55153 l 150 118 161 186 235
55213 l 147 118 163 195 212
55272 l 144 123 169 199 193
55331 l 141 127 170 208 180
55391 l 138 136 173 216 167
55451 l 135 139 179 216 157
55510 l 132 147 186 218 147
55569 l 129 166 190 209 139
55629 l 126 178 176 203 130
55689 l 123 181 255 199 129
55747 l 120 183 255 187 123
55808 l 117 189 255 179 116
55867 l 114 184 255 169 114
55926 l 111 179 255 164 112
55986 l 108 179 255 160 111
56045 l 105 175 255 159 108
56104 l 102 168 255 155 106
56164 l 99 165 255 152 106
56223 l 96 164 255 151 103
56283 l 93 160 255 148 103
56342 l 90 159 255 145 101
56401 l 87 156 255 143 103
56462 l 84 158 255 139 101
56520 l 81 157 255 140 105
56581 l 78 159 255 143 107
56640 l 75 160 255 149 105
56699 l 72 163 255 150 107
56759 l 69 168 255 153 110
56818 l 66 170 255 157 113
56878 l 63 174 255 156 116
56937 l 60 180 255 163 121
56996 l 57 184 255 166 125
57056 l 54 192 194 170 128
57115 l 51 199 186 175 135
57175 l 48 255 175 182 143
57235 l 45 255 161 196 155
57294 l 42 255 149 223 166
57354 l 39 255 141 278 177
57413 l 36 203 135 539 189
57473 l 33 194 130 889 192
57532 l 30 184 125 886 196
57591 l 27 177 119 800 194
57651 l 24 171 114 665 189
57710 l 21 165 112 565 184
57769 l 18 161 107 518 181
57829 l 15 153 105 470 175
57888 l 12 153 104 450 174
57949 l 9 149 105 443 169
58007 l 6 144 101 432 169
58067 l 3 143 101 427 163
58627 l 0 142 100 422 164
58657 l 3 143 100 419 162
58689 l 6 142 97 426 158
58732 l 9 142 100 426 163
58791 l 12 143 101 433 165
58851 l 15 145 102 438 171
58910 l 18 151 104 444 174
58970 l 21 155 105 461 180
59029 l 24 156 109 489 183
59088 l 27 160 110 533 184
59147 l 30 164 113 598 192
59206 l 33 169 119 678 196
59266 l 36 174 120 808 193
59325 l 39 181 124 934 194
59384 l 42 190 128 858 191
59443 l 45 199 137 8190 180
59502 l 48 255 139 262 168
59561 l 51 255 147 216 156
59621 l 54 255 157 193 145
59680 l 57 206 169 182 138
59739 l 60 202 185 172 130
59798 l 63 195 255 173 125
59857 l 66 183 255 166 118
59917 l 69 177 255 158 116
59976 l 72 175 255 156 112
60036 l 75 170 255 154 112
60095 l 78 165 255 152 109
60153 l 81 164 255 146 105
60213 l 84 164 255 145 108
60272 l 87 157 255 146 106
60332 l 90 157 255 143 103
60391 l 93 156 255 142 98
60450 l 96 156 255 141 101
60509 l 99 157 255 146 103
60568 l 102 160 255 149 107
60627 l 105 163 255 149 105
60687 l 108 165 255 149 110
60746 l 111 169 255 155 108
60806 l 114 172 255 159 112
60864 l 117 177 255 164 114
60923 l 120 180 255 168 117
60983 l 123 186 255 174 121
61042 l 126 185 255 183 124
61102 l 129 187 255 189 125
61161 l 132 186 255 199 135
61219 l 135 171 255 208 142
61279 l 138 163 163 215 150
61339 l 141 150 186 215 156
61399 l 144 144 177 216 171
61458 l 147 136 179 212 183
61517 l 150 130 174 207 191
61577 l 153 122 168 197 214
61636 l 156 121 164 189 234
61696 l 159 114 163 182 257
61755 l 162 111 158 181 299
61814 l 165 110 157 176 351
61874 l 168 107 151 171 394
61933 l 171 107 148 170 410
61992 l 174 103 148 171 428
62052 l 177 101 145 166 425
62612 l 180 97 143 159 421
62644 l 177 100 141 159 421
62701 l 174 102 142 163 418
62760 l 171 100 142 164 425
62819 l 168 102 145 164 429
62878 l 165 104 145 170 422
62938 l 162 106 148 173 408
62997 l 159 106 149 173 388
63056 l 156 111 152 180 347
63116 l 153 112 157 188 296
63175 l 150 112 161 188 253
63234 l 147 120 161 199 226
63293 l 144 124 170 206 209
63352 l 141 130 173 214 188
63412 l 138 133 172 217 179
63471 l 135 140 176 214 162
63531 l 132 150 188 214 153
63590 l 129 160 178 210 148
63648 l 126 171 255 196 139
63708 l 123 182 255 193 130
63767 l 120 186 255 183 127
63826 l 117 189 255 173 122
63886 l 114 186 255 168 120
63945 l 111 181 255 161 114
64004 l 108 179 255 160 114
64063 l 105 171 255 155 110
64122 l 102 171 255 153 107
64182 l 99 166 255 149 110
64241 l 96 161 255 148 107
64301 l 93 161 255 145 104
64359 l 90 156 255 142 99
64418 l 87 156 255 143 102
64478 l 84 161 255 140 101
64537 l 81 157 255 143 102
64595 l 78 158 255 145 103
64655 l 75 160 255 147 105
64714 l 72 160 255 151 108
64774 l 69 168 255 153 112
64833 l 66 168 255 156 109
64892 l 63 173 255 160 111
64952 l 60 179 255 166 116
65011 l 57 183 255 171 119
65070 l 54 191 255 176 129
65129 l 51 196 186 182 133
65188 l 48 203 174 194 138
65248 l 45 255 161 213 146
65307 l 42 255 150 254 157
65366 l 39 255 142 432 171
65425 l 36 199 136 836 181
65484 l 33 192 133 897 188
65544 l 30 180 121 830 194
65603 l 27 175 117 703 197
65662 l 24 171 120 601 194
65722 l 21 165 110 515 188
65781 l 18 159 109 487 184
65840 l 15 155 107 449 180
65899 l 12 151 104 438 174
65958 l 9 149 105 435 172
66018 l 6 148 104 434 168
66076 l 3 143 102 429 168
66636 l 0 140 98 422 166
66667 l 3 140 100 422 161
66699 l 6 142 97 419 162
66753 l 9 141 98 427 164
66812 l 12 144 103 435 169
66872 l 15 147 103 432 173
66931 l 18 150 105 441 176
66992 l 21 153 106 456 177
67050 l 24 153 106 476 185
67110 l 27 162 110 509 190
67170 l 30 166 114 558 193
67229 l 33 168 116 645 195
67289 l 36 171 118 750 199
67348 l 39 179 125 884 197
67407 l 42 191 130 929 189
67467 l 45 198 136 8190 180
67526 l 48 205 139 315 167
67586 l 51 255 149 232 157
67645 l 54 255 154 199 147
67704 l 57 255 168 189 135
67764 l 60 199 172 179 131
67824 l 63 193 255 171 125
67884 l 66 188 255 167 121
67942 l 69 177 255 162 118
68002 l 72 175 255 158 112
68062 l 75 168 255 154 109
68121 l 78 165 255 151 106
68180 l 81 164 255 148 106
68240 l 84 159 255 147 107
68299 l 87 159 255 146 104
68359 l 90 157 255 142 101
68418 l 93 155 255 144 103
68477 l 96 159 255 140 100
68537 l 99 158 255 145 105
68596 l 102 160 255 146 105
68656 l 105 158 255 147 109
68716 l 108 166 255 151 110
68775 l 111 169 255 155 107
68834 l 114 173 255 159 112
68894 l 117 176 255 162 111
68954 l 120 183 255 165 116
69013 l 123 185 255 170 119
69072 l 126 187 255 178 125
69132 l 129 184 255 185 129
69191 l 132 182 255 194 131
69251 l 135 175 255 203 140
69310 l 138 163 255 209 152
69369 l 141 155 184 217 156
69429 l 144 142 180 218 169
69489 l 147 135 174 214 183
69549 l 150 130 177 212 188
69608 l 153 125 169 201 214
69667 l 156 122 166 194 234
69727 l 159 116 160 188 258
69786 l 162 112 158 187 298
69846 l 165 112 152 178 349
69905 l 168 111 150 174 387
69964 l 171 107 147 173 412
70024 l 174 106 145 168 421
70083 l 177 102 142 165 433
70642 l 180 98 142 163 422
70674 l 177 100 138 157 424
70706 l 174 101 141 159 420
70759 l 171 99 139 158 425
70818 l 168 104 142 167 427
70878 l 165 105 144 167 423
70937 l 162 107 149 172 408
70996 l 159 106 150 173 361
71056 l 156 110 153 177 325
71115 l 153 112 156 187 279
71174 l 150 115 158 187 254
71233 l 147 117 165 199 223
71292 l 144 123 172 207 198
71352 l 141 127 171 214 183
71411 l 138 133 174 216 170
71471 l 135 142 179 218 159
71530 l 132 152 187 215 150
71589 l 129 159 185 210 143
71648 l 126 171 255 201 135
71707 l 123 180 255 191 132
71767 l 120 185 255 182 124
71826 l 117 187 255 175 120
71885 l 114 184 255 169 118
71945 l 111 183 255 160 116
72004 l 108 176 255 158 112
72062 l 105 173 255 153 110
72122 l 102 168 255 151 111
72181 l 99 163 255 148 108
72241 l 96 162 255 150 105
72300 l 93 160 255 144 103
72359 l 90 159 255 143 102
72418 l 87 156 255 141 102
72477 l 84 157 255 144 101
72537 l 81 155 255 143 106
72596 l 78 158 255 149 106
72655 l 75 159 255 148 107
72714 l 72 163 255 150 111
72773 l 69 165 255 152 109
72833 l 66 169 255 156 113
72892 l 63 172 255 164 113
72951 l 60 178 255 164 121
73011 l 57 181 255 171 123
73070 l 54 193 255 172 128
73129 l 51 200 180 180 136
73188 l 48 255 177 189 140
73247 l 45 255 167 211 152
73307 l 42 255 152 251 162
73366 l 39 205 144 402 176
73424 l 36 201 137 850 188
73484 l 33 196 131 901 193
73543 l 30 181 123 805 195
73603 l 27 175 118 692 194
73662 l 24 168 116 580 191
73721 l 21 165 114 517 190
73781 l 18 159 110 481 182
73840 l 15 157 107 464 178
73899 l 12 155 107 445 178
73958 l 9 150 104 439 172
74017 l 6 147 102 432 171
74077 l 3 144 101 422 163
74636 l 0 140 102 417 160
74667 l 3 141 100 419 162
74724 l 6 136 99 413 165
74783 l 9 142 100 421 167
74843 l 12 145 103 428 167
74902 l 15 150 100 430 171
74962 l 18 150 103 436 175
75022 l 21 151 106 445 176
75081 l 24 155 108 454 185
75141 l 27 159 110 494 187
75200 l 30 164 113 537 192
75259 l 33 172 117 613 194
75319 l 36 172 117 711 194
75378 l 39 182 123 836 193
75438 l 42 190 128 912 187
75497 l 45 198 135 848 180
75556 l 48 206 141 465 171
75617 l 51 255 150 264 155
75675 l 54 255 158 217 147
75735 l 57 205 172 193 139
75795 l 60 200 179 183 133
75854 l 63 195 194 176 126
75914 l 66 187 255 170 121
75973 l 69 177 255 169 116
76033 l 72 173 255 162 113
76092 l 75 170 255 157 108
76151 l 78 167 255 151 111
76211 l 81 163 255 152 106
76270 l 84 162 255 144 104
76329 l 87 160 255 149 104
76389 l 90 157 255 143 106
76448 l 93 159 255 144 102
76509 l 96 157 255 138 102
76567 l 99 158 255 141 103
76627 l 102 161 255 142 109
76687 l 105 161 255 144 107
76746 l 108 163 255 149 108
76806 l 111 169 255 152 105
76865 l 114 173 255 154 114
76924 l 117 175 255 159 115
76984 l 120 181 255 165 116
77043 l 123 183 255 165 123
77103 l 126 186 255 174 126
77162 l 129 188 255 178 128
77221 l 132 183 255 189 135
77281 l 135 177 255 200 140
77341 l 138 168 255 207 147
77400 l 141 151 187 217 158
77460 l 144 142 181 216 167
77519 l 147 140 181 219 180
77579 l 150 130 175 215 196
77638 l 153 123 169 207 209
77698 l 156 120 166 200 231
77757 l 159 116 163 192 262
77816 l 162 112 159 186 299
77876 l 165 111 155 182 342
77935 l 168 110 149 179 388
77995 l 171 106 148 173 412
78055 l 174 106 147 171 429
78114 l 177 102 142 168 432
78673 l 180 100 138 161 424
78705 l 177 99 141 159 425
78757 l 174 101 140 161 421
78817 l 171 101 141 165 424
78876 l 168 102 145 166 432
78935 l 165 107 145 169 424
78994 l 162 107 148 172 407
79053 l 159 105 149 176 379
79113 l 156 110 151 180 342
79172 l 153 109 157 184 295
79230 l 150 114 162 191 248
79290 l 147 119 164 197 223
79349 l 144 120 174 203 209
79409 l 141 130 174 213 189
79468 l 138 135 174 214 176
79527 l 135 137 179 217 164
79586 l 132 147 189 218 156
79645 l 129 162 190 207 144
79705 l 126 172 255 202 136
79764 l 123 181 255 191 132
79823 l 120 188 255 178 128
79883 l 117 185 255 176 121
79941 l 114 184 255 166 119
80001 l 111 180 255 162 115
80060 l 108 179 255 162 110
80119 l 105 173 255 155 109
80179 l 102 170 255 150 107
80238 l 99 166 255 151 108
80296 l 96 163 255 146 107
80356 l 93 161 255 145 105
80415 l 90 158 255 143 103
80475 l 87 157 255 139 105
80534 l 84 157 255 142 100
80593 l 81 156 255 142 104
80653 l 78 159 255 142 103
80712 l 75 162 255 146 106
80771 l 72 163 255 150 105
80830 l 69 166 255 153 109
80889 l 66 169 255 156 108
80949 l 63 172 255 160 113
81008 l 60 174 255 166 115
81067 l 57 186 255 171 121
81126 l 54 193 255 174 124
81185 l 51 201 188 179 132
81245 l 48 204 174 195 136
81304 l 45 255 162 214 149
81363 l 42 255 146 251 159
81423 l 39 255 141 452 177
81482 l 36 201 135 844 185
81541 l 33 190 129 923 191
81600 l 30 182 126 825 194
81659 l 27 180 121 714 197
81719 l 24 169 117 590 196
81778 l 21 162 112 516 191
81837 l 18 162 112 485 186
81896 l 15 154 106 469 181
81955 l 12 149 105 449 177
82015 l 9 148 108 433 171
82074 l 6 147 102 428 172
82134 l 3 145 101 426 166
82693 l 0 138 100 423 162
82724 l 3 139 99 417 160
82756 l 6 141 100 418 163
82816 l 9 141 99 425 167
82875 l 12 141 100 429 168
82934 l 15 147 103 434 172
82994 l 18 146 104 444 175
83053 l 21 150 106 451 179
83112 l 24 152 107 472 182
83172 l 27 160 109 501 188
83231 l 30 166 112 555 189
83292 l 33 167 117 652 194
83350 l 36 172 120 735 193
83410 l 39 179 121 889 193
83470 l 42 192 127 931 189
83529 l 45 199 134 8190 182
83589 l 48 255 141 336 168
83648 l 51 255 150 233 155
83707 l 54 255 158 203 146
83767 l 57 255 169 187 137
83826 l 60 201 179 179 132
83886 l 63 195 255 171 127
83945 l 66 183 255 171 118
84004 l 69 179 255 165 116
84064 l 72 176 255 156 114
84123 l 75 171 255 157 109
84184 l 78 167 255 151 107
84242 l 81 164 255 147 105
84302 l 84 160 255 148 104
84362 l 87 159 255 145 102
84421 l 90 156 255 141 102
84481 l 93 160 255 143 99
84540 l 96 158 255 144 100
84599 l 99 157 255 147 104
84659 l 102 160 255 144 103
84718 l 105 163 255 146 105
84777 l 108 167 255 150 108
84837 l 111 170 255 154 108
84896 l 114 172 255 158 110
84956 l 117 174 255 160 114
85015 l 120 180 255 165 116
85075 l 123 189 255 174 121
85135 l 126 188 255 176 124
85194 l 129 188 255 184 128
85254 l 132 184 255 193 133
85313 l 135 176 255 207 137
85372 l 138 167 255 213 145
85432 l 141 154 181 221 158
85491 l 144 146 181 220 169
85551 l 147 135 177 220 182
85610 l 150 129 173 212 195
85669 l 153 128 167 202 213
85729 l 156 120 164 194 231
85789 l 159 118 161 185 263
85849 l 162 111 157 181 301
85908 l 165 110 153 179 349
85967 l 168 108 151 178 398
86027 l 171 106 151 172 422
86086 l 174 104 145 170 426
86146 l 177 104 143 165 428
86705 l 180 100 143 156 423
86736 l 177 98 139 159 418
86768 l 174 100 140 159 425
86815 l 171 100 142 161 425
86875 l 168 102 145 167 429
86934 l 165 104 145 169 416
86993 l 162 106 147 174 403
87053 l 159 108 150 173 359
87112 l 156 109 150 180 316
87171 l 153 111 156 186 271
87230 l 150 115 161 188 235
87289 l 147 119 163 200 217
87349 l 144 122 166 207 198
87408 l 141 127 171 211 184
87468 l 138 132 175 217 173
87526 l 135 140 173 220 160
87585 l 132 152 183 214 148
87645 l 129 165 255 204 140
87704 l 126 176 255 198 133
87763 l 123 182 255 190 129
87823 l 120 186 255 178 124
87882 l 117 183 255 173 118
87942 l 114 185 255 168 118
88001 l 111 184 255 162 112
88059 l 108 177 255 163 107
88119 l 105 179 255 156 107
88178 l 102 167 255 151 108
88238 l 99 166 255 150 106
88297 l 96 164 255 147 106
88356 l 93 159 255 144 107
88415 l 90 160 255 145 101
88474 l 87 155 255 141 102
88534 l 84 153 255 144 101
88593 l 81 158 255 146 104
88652 l 78 159 255 145 104
88711 l 75 160 255 149 107
88770 l 72 165 255 153 105
88829 l 69 167 255 155 109
88889 l 66 167 255 157 110
88948 l 63 170 255 159 114
89008 l 60 179 255 165 119
89067 l 57 188 255 167 122
89125 l 54 192 255 172 131
89185 l 51 198 181 177 136
89244 l 48 206 172 190 143
89304 l 45 255 159 209 153
89363 l 42 255 150 262 166
89422 l 39 255 141 447 179
89481 l 36 202 135 842 189
89540 l 33 191 130 901 195
89600 l 30 184 127 821 195
89659 l 27 176 115 701 193
89718 l 24 171 116 570 189
89777 l 21 165 113 533 189
89836 l 18 162 108 491 182
89895 l 15 155 107 459 179
89955 l 12 150 106 447 176
90014 l 9 147 104 439 174
90074 l 6 147 103 431 166
90133 l 3 144 103 430 162
90692 l 0 141 98 421 161
90723 l 3 142 98 423 163
90755 l 6 143 99 419 162
90786 l 9 141 99 423 162
90846 l 12 147 103 430 166
90905 l 15 148 103 436 168
90964 l 18 150 105 443 173
91024 l 21 148 107 463 180
91083 l 24 155 109 492 183
91143 l 27 161 111 531 189
91202 l 30 162 113 599 192
91261 l 33 167 114 720 197
91321 l 36 173 120 808 198
91381 l 39 186 123 915 192
91440 l 42 189 129 846 191
91499 l 45 201 132 8190 179
91559 l 48 255 141 268 170
91619 l 51 255 149 222 157
91678 l 54 255 157 198 146
91738 l 57 255 169 181 141
91797 l 60 197 181 172 131
91856 l 63 195 255 168 127
91916 l 66 185 255 163 118
91975 l 69 183 255 160 117
92035 l 72 174 255 156 109
92094 l 75 171 255 152 109
92153 l 78 166 255 152 106
92214 l 81 163 255 150 109
92272 l 84 160 255 146 105
92332 l 87 160 255 142 102
92392 l 90 158 255 143 102
92451 l 93 154 255 138 101
92511 l 96 158 255 142 99
92570 l 99 157 255 143 105
92630 l 102 158 255 147 106
92689 l 105 162 255 149 107
92748 l 108 170 255 149 110
92808 l 111 173 255 154 106
92867 l 114 175 255 159 114
92926 l 117 180 255 162 116
92986 l 120 184 255 168 117
93045 l 123 184 255 174 119
93106 l 126 186 255 179 126
93164 l 129 186 255 186 128
93223 l 132 180 255 197 133
93284 l 135 176 255 205 139
93343 l 138 170 255 216 146
93403 l 141 154 184 218 156
93462 l 144 145 181 217 165
93521 l 147 140 177 214 180
93581 l 150 129 173 207 195
93640 l 153 127 169 200 213
93700 l 156 121 171 189 234
93759 l 159 115 162 190 261
93818 l 162 113 157 182 298
93879 l 165 111 154 175 352
93938 l 168 107 149 174 387
93997 l 171 105 147 172 422
94057 l 174 105 147 166 428
94116 l 177 102 143 162 431
94675 l 180 101 139 159 424
94707 l 177 97 141 161 428
94754 l 174 99 143 158 420
94813 l 171 102 141 165 419
94872 l 168 100 144 166 429
94931 l 165 104 146 167 427
94991 l 162 106 148 175 413
95050 l 159 108 149 176 385
95110 l 156 109 155 178 338
95169 l 153 110 156 185 293
95228 l 150 115 160 191 249
95287 l 147 118 163 201 224
95346 l 144 122 169 203 203
95406 l 141 129 173 215 186
95465 l 138 133 171 218 176
95524 l 135 140 181 218 164
95584 l 132 150 190 216 151
95642 l 129 169 255 207 145
95702 l 126 176 255 199 138
95761 l 123 182 255 189 133
95820 l 120 187 255 182 129
95880 l 117 189 255 175 122
95939 l 114 182 255 168 116
95998 l 111 183 255 163 116
96057 l 108 177 255 156 115
96116 l 105 174 255 156 110
96176 l 102 170 255 149 108
96235 l 99 168 255 151 107
96294 l 96 161 255 145 108
96354 l 93 157 255 144 107
96413 l 90 159 255 144 105
96472 l 87 157 255 140 99
96531 l 84 156 255 142 102
96590 l 81 157 255 140 105
96650 l 78 160 255 145 102
96708 l 75 159 255 148 109
96768 l 72 162 255 151 108
96827 l 69 163 255 153 110
96886 l 66 170 255 155 113
96946 l 63 172 255 160 116
97005 l 60 179 255 164 121
97064 l 57 185 255 168 119
97124 l 54 194 255 174 129
97183 l 51 255 183 183 136
97242 l 48 255 173 190 139
97301 l 45 255 157 211 145
97360 l 42 205 151 256 161
97420 l 39 205 144 412 170
97479 l 36 200 136 840 184
97538 l 33 194 129 905 193
97597 l 30 185 126 804 195
97656 l 27 176 121 688 194
97716 l 24 168 114 589 192
97775 l 21 162 112 520 189
97835 l 18 157 112 482 186
97894 l 15 156 107 459 180
97953 l 12 151 106 442 176
98012 l 9 151 104 436 171
98071 l 6 146 106 435 168
98130 l 3 145 102 429 164
98690 l 0 139 98 414 162
98721 l 3 140 97 418 160
98758 l 6 139 98 416 160
98818 l 9 143 100 420 166
98877 l 12 142 102 428 168
98937 l 15 148 103 436 173
98996 l 18 147 103 445 177
99056 l 21 152 105 451 178
99116 l 24 153 110 478 184
99175 l 27 157 114 508 186
99234 l 30 161 111 550 193
99294 l 33 172 115 620 197
99353 l 36 178 118 741 193
99412 l 39 184 125 853 192
99472 l 42 193 127 915 189
99532 l 45 203 135 759 181
99591 l 48 255 140 344 168
99651 l 51 255 148 238 157
99710 l 54 255 151 205 147
99770 l 57 204 164 190 137
99829 l 60 199 180 178 133
99889 l 63 193 193 175 125
99948 l 66 186 255 170 121
100007 l 69 182 255 162 117
100067 l 72 174 255 158 114
100126 l 75 173 255 155 109
100186 l 78 165 255 149 108
100245 l 81 164 255 150 106
100304 l 84 161 255 144 103
100364 l 87 159 255 145 103
100423 l 90 157 255 140 104
100484 l 93 159 255 140 99
100543 l 96 158 255 141 98
100602 l 99 157 255 141 104
100662 l 102 161 255 144 106
100721 l 105 165 255 148 108
100781 l 108 166 255 147 108
100840 l 111 169 255 155 111
100899 l 114 171 255 156 109
100959 l 117 176 255 157 109
101018 l 120 183 255 161 114
101078 l 123 187 255 170 121
101137 l 126 187 255 175 124
101197 l 129 187 255 183 131
101257 l 132 183 255 192 133
101316 l 135 176 255 203 142
101376 l 138 164 255 210 147
101435 l 141 155 189 217 158
101494 l 144 144 180 219 167
101554 l 147 137 178 217 181
101613 l 150 127 173 211 195
101672 l 153 128 170 204 213
101732 l 156 118 164 197 229
101791 l 159 115 161 187 264
101851 l 162 114 156 188 300
101911 l 165 112 154 180 350
101970 l 168 108 150 174 390
102030 l 171 108 149 172 416
102089 l 174 105 146 167 433
102149 l 177 103 144 163 431
102708 l 180 101 141 158 423
102739 l 177 98 141 159 422
102771 l 174 98 142 158 423
102812 l 171 96 143 158 430
102872 l 168 102 146 163 428
102931 l 165 103 146 167 423
102990 l 162 106 146 174 402
103050 l 159 105 151 173 352
103109 l 156 111 152 179 313
103168 l 153 112 157 186 267
103227 l 150 114 161 193 237
103286 l 147 118 163 195 211
103346 l 144 125 165 204 193
103405 l 141 130 172 214 179
103464 l 138 135 176 218 167
103524 l 135 146 182 216 156
103583 l 132 152 178 216 145
103642 l 129 166 193 208 140
103701 l 126 177 167 199 134
103760 l 123 183 255 189 130
103820 l 120 186 255 181 121
103879 l 117 189 255 173 119
103939 l 114 186 255 169 118
103997 l 111 183 255 164 116
104056 l 108 178 255 158 109
104116 l 105 172 255 155 107
104175 l 102 169 255 151 106
104235 l 99 164 255 151 105
104294 l 96 165 255 150 106
104352 l 93 162 255 143 103
104412 l 90 159 255 140 101
104471 l 87 158 255 140 102
104530 l 84 155 255 141 99
104590 l 81 159 255 142 104
104649 l 78 160 255 141 105
104708 l 75 162 255 146 108
104767 l 72 162 255 153 106
104826 l 69 164 255 151 108
104886 l 66 168 255 155 114
104945 l 63 176 255 156 117
105005 l 60 180 255 163 117
105063 l 57 186 255 168 126
105123 l 54 192 255 173 128
105183 l 51 197 185 177 136
105242 l 48 255 174 193 145
105302 l 45 255 165 209 155
105361 l 42 255 148 252 167
105420 l 39 203 143 375 180
105480 l 36 205 135 807 192
105539 l 33 194 128 896 194
105598 l 30 185 123 796 196
105659 l 27 174 118 671 193
105718 l 24 170 115 591 192
105778 l 21 162 113 532 185
105837 l 18 165 109 499 181
105896 l 15 157 108 463 180
105956 l 12 152 106 452 175
106015 l 9 151 104 435 166
106075 l 6 145 104 432 170
106134 l 3 143 102 426 161
106693 l 0 141 101 420 163
106725 l 3 139 97 416 163
106781 l 6 140 100 417 164
106841 l 9 142 100 432 164
106900 l 12 143 104 429 163
106959 l 15 145 105 433 168
107019 l 18 147 103 446 171
107078 l 21 152 107 462 175
107137 l 24 154 109 486 179
107196 l 27 158 109 533 181
107255 l 30 160 112 580 188
107315 l 33 168 116 675 193
107374 l 36 172 121 808 193
107433 l 39 181 121 914 197
107493 l 42 190 128 879 195
107552 l 45 199 136 470 187
107611 l 48 206 145 259 181
107670 l 51 255 151 215 164
107729 l 54 255 158 194 152
107789 l 57 255 170 180 142
107848 l 60 200 185 176 134
107908 l 63 194 255 169 130
107966 l 66 186 255 165 125
108025 l 69 177 255 163 118
108085 l 72 172 255 158 114
108144 l 75 173 255 152 113
108204 l 78 167 255 151 112
108263 l 81 165 255 145 111
108321 l 84 162 255 145 105
108381 l 87 159 255 142 106
108440 l 90 161 255 140 103
108499 l 93 157 255 140 99
108559 l 96 156 255 142 102
108618 l 99 159 255 145 103
108677 l 102 161 255 148 104
108736 l 105 162 255 150 112
108795 l 108 166 255 150 106
108855 l 111 167 255 153 107
108914 l 114 175 255 159 109
108973 l 117 177 255 161 114
109032 l 120 187 255 169 115
109091 l 123 186 255 174 117
109151 l 126 187 255 181 117
109210 l 129 185 255 190 127
109270 l 132 180 255 201 128
109329 l 135 173 255 205 133
109387 l 138 165 255 215 144
109447 l 141 151 179 218 152
109506 l 144 142 180 213 159
109565 l 147 134 179 212 173
109625 l 150 130 176 205 188
109684 l 153 124 170 197 201
109743 l 156 123 168 192 216
109802 l 159 116 165 185 243
109861 l 162 111 159 180 272
109921 l 165 111 154 177 319
109980 l 168 106 150 172 369
110040 l 171 108 147 169 403
110099 l 174 107 146 166 425
110157 l 177 105 144 163 424
110717 l 180 100 141 158 424
110748 l 177 100 139 160 422
110780 l 174 99 143 157 426
110836 l 171 102 144 160 428
110896 l 168 104 142 165 425
110955 l 165 103 148 168 416
111014 l 162 106 149 170 386
111074 l 159 109 149 173 343
111133 l 156 110 154 179 308
111193 l 153 113 160 183 263
111252 l 150 115 161 189 232
111312 l 147 115 165 195 212
111372 l 144 122 171 204 193
111431 l 141 126 173 211 182
111491 l 138 133 179 214 168
111550 l 135 144 176 217 157
111609 l 132 156 181 217 147
111669 l 129 167 185 215 140
111728 l 126 175 255 203 133
111788 l 123 183 255 194 126
111847 l 120 187 255 185 121
111906 l 117 191 255 179 118
111966 l 114 184 255 169 118
112025 l 111 183 255 165 112
112086 l 108 176 255 160 107
112145 l 105 173 255 158 109
112204 l 102 169 255 150 105
112264 l 99 169 255 154 108
112323 l 96 165 255 146 106
112382 l 93 160 255 145 101
112442 l 90 163 255 143 103
112501 l 87 154 255 143 102
112561 l 84 157 255 139 102
112620 l 81 157 255 143 106
112679 l 78 159 255 142 105
112739 l 75 164 255 147 108
112799 l 72 165 255 149 109
112859 l 69 170 255 151 110
112917 l 66 169 255 154 116
112977 l 63 173 255 159 115
113037 l 60 180 255 159 122
113096 l 57 187 255 168 124
113156 l 54 194 255 168 131
113215 l 51 196 184 175 137
113274 l 48 204 170 184 146
113334 l 45 255 162 196 151
113393 l 42 255 154 225 169
113453 l 39 255 144 288 178
113512 l 36 255 139 579 189
113572 l 33 195 130 900 193
113632 l 30 186 128 876 193
113691 l 27 176 121 758 194
113751 l 24 172 115 631 192
113810 l 21 165 115 548 189
113869 l 18 159 112 506 183
113929 l 15 155 110 466 175
113988 l 12 148 106 447 172
114048 l 9 147 104 438 168
114107 l 6 146 101 438 164
114166 l 3 141 102 433 164
114726 l 0 141 98 421 162
114757 l 3 141 100 417 163
114789 l 6 139 100 421 160
114841 l 9 140 100 424 163
114900 l 12 146 103 427 166
114960 l 15 142 102 430 171
115019 l 18 150 106 444 175
115079 l 21 152 108 464 175
115138 l 24 158 108 490 184
115197 l 27 158 111 529 184
115256 l 30 162 113 595 189
115315 l 33 167 119 696 190
115375 l 36 172 120 807 195
115434 l 39 178 123 894 197
115493 l 42 193 128 875 189
115552 l 45 197 132 8190 183
115611 l 48 255 140 270 169
115671 l 51 255 149 211 160
115730 l 54 206 156 195 148
115789 l 57 255 166 180 136
115849 l 60 200 182 170 133
115908 l 63 189 193 170 126
115966 l 66 186 255 165 121
116026 l 69 178 255 158 117
116085 l 72 173 255 154 115
116145 l 75 172 255 152 113
116204 l 78 165 255 153 110
116262 l 81 164 255 146 107
116322 l 84 161 255 143 107
116381 l 87 159 255 144 106
116441 l 90 159 255 139 101
116500 l 93 157 255 139 102
116559 l 96 155 255 142 101
116618 l 99 158 255 144 103
116677 l 102 158 255 148 107
116737 l 105 163 255 149 107
116796 l 108 165 255 153 112
116855 l 111 169 255 154 110
116915 l 114 170 255 159 112
116973 l 117 180 255 161 113
117032 l 120 181 255 168 117
117092 l 123 185 255 176 117
117151 l 126 189 255 181 125
117211 l 129 187 255 186 129
117270 l 132 182 255 200 133
117329 l 135 178 255 208 137
117388 l 138 163 255 215 146
117447 l 141 152 185 214 155
117507 l 144 146 176 213 170
117566 l 147 135 179 211 180
117625 l 150 129 172 205 195
117685 l 153 124 170 199 207
117744 l 156 119 168 189 225
117804 l 159 117 162 186 253
117862 l 162 114 161 180 300
117921 l 165 111 155 174 346
117981 l 168 108 153 169 389
118040 l 171 104 148 171 414
118099 l 174 102 148 164 429
118159 l 177 104 146 160 427
118717 l 180 100 142 160 419
118749 l 177 99 140 157 426
118808 l 174 99 140 160 425
118867 l 171 101 142 159 427
118927 l 168 102 144 164 426
118986 l 165 105 146 167 415
119046 l 162 105 147 168 389
119106 l 159 105 151 171 350
119165 l 156 108 156 175 306
119225 l 153 114 159 179 263
119284 l 150 117 161 185 231
119344 l 147 117 164 192 219
119403 l 144 122 170 196 192
119462 l 141 132 169 206 180
119522 l 138 138 173 211 168
119581 l 135 146 176 216 160
119642 l 132 152 179 220 150
119700 l 129 162 191 214 136
119759 l 126 175 165 209 131
119819 l 123 186 255 200 130
119878 l 120 185 255 192 123
119939 l 117 190 255 182 117
119998 l 114 185 255 172 117
120057 l 111 182 255 167 113
120117 l 108 179 255 164 109
120176 l 105 172 255 159 108
120236 l 102 170 255 155 105
120295 l 99 169 255 154 104
120354 l 96 163 255 149 107
120414 l 93 159 255 144 101
120474 l 90 161 255 144 101
120532 l 87 156 255 144 102
120592 l 84 157 255 139 101
120652 l 81 159 255 140 104
120712 l 78 160 255 144 106
120771 l 75 163 255 143 109
120830 l 72 162 255 146 110
120890 l 69 168 255 149 108
120949 l 66 167 255 153 114
121009 l 63 171 255 157 116
121068 l 60 179 255 161 119
121127 l 57 186 255 165 126
121187 l 54 192 255 167 131
121247 l 51 201 183 173 138
121307 l 48 255 169 177 143
121366 l 45 255 163 190 158
121425 l 42 255 149 209 169
121485 l 39 255 143 240 181
121544 l 36 205 136 365 187
121604 l 33 194 130 772 196
121663 l 30 187 128 923 196
121722 l 27 174 121 850 193
121782 l 24 167 118 727 194
121841 l 21 160 114 587 185
121901 l 18 158 109 521 179
121960 l 15 158 110 485 173
122020 l 12 152 108 462 174
122080 l 9 148 106 443 173
122139 l 6 147 104 440 167
122199 l 3 144 101 430 163
122758 l 0 144 100 421 158
122789 l 3 143 99 419 161
122840 l 6 141 100 421 161
122899 l 9 142 101 429 165
122958 l 12 143 104 431 167
123018 l 15 146 103 442 170
123077 l 18 147 106 441 170
123136 l 21 150 106 461 175
123195 l 24 155 108 482 180
123254 l 27 156 111 537 182
123314 l 30 165 114 604 185
123373 l 33 169 115 684 190
123432 l 36 176 120 808 194
123491 l 39 182 126 903 196
123550 l 42 193 129 873 192
123610 l 45 202 138 433 183
123669 l 48 255 140 253 173
123728 l 51 255 146 217 159
123788 l 54 255 157 192 150
123846 l 57 255 166 177 140
123906 l 60 197 180 174 135
123965 l 63 192 192 175 130
124024 l 66 188 255 163 126
124084 l 69 181 255 160 117
124143 l 72 175 255 156 113
124201 l 75 170 255 154 113
124261 l 78 167 255 150 110
124320 l 81 166 255 148 109
124380 l 84 162 255 143 108
124439 l 87 159 255 143 104
124498 l 90 159 255 141 103
124557 l 93 158 255 139 103
124616 l 96 156 255 143 102
124676 l 99 160 255 142 104
124735 l 102 162 255 147 103
124794 l 105 162 255 146 106
124854 l 108 167 255 157 109
124913 l 111 171 255 156 108
124972 l 114 173 255 159 108
125031 l 117 180 255 164 108
125090 l 120 185 255 171 116
125150 l 123 187 255 176 118
125209 l 126 188 255 183 122
125268 l 129 184 255 190 128
125328 l 132 184 255 199 131
125386 l 135 175 255 204 136
125446 l 138 165 195 215 141
125505 l 141 153 191 220 153
125564 l 144 147 178 218 162
125624 l 147 136 174 211 172
125683 l 150 130 175 207 184
125742 l 153 124 172 198 200
125801 l 156 122 168 191 221
125860 l 159 115 163 184 247
125920 l 162 113 158 180 283
125979 l 165 110 154 177 321
126039 l 168 107 152 172 373
126098 l 171 108 149 168 402
126156 l 174 104 147 167 418
126216 l 177 100 147 164 428
126776 l 180 101 141 158 424
126807 l 177 100 140 161 423
126841 l 174 100 141 163 424
126901 l 171 102 139 164 426
126961 l 168 105 145 164 423
127021 l 165 105 144 165 412
127080 l 162 104 148 168 388
127139 l 159 107 151 174 349
127199 l 156 111 151 180 303
127258 l 153 110 157 179 263
127318 l 150 116 165 186 231
127377 l 147 121 166 190 212
127436 l 144 127 171 201 194
127496 l 141 130 170 207 177
127555 l 138 135 173 218 168
127616 l 135 144 174 215 159
127675 l 132 153 182 218 148
127734 l 129 161 183 212 141
127794 l 126 171 255 205 136
127853 l 123 180 255 192 129
127912 l 120 186 255 185 124
127972 l 117 187 255 176 118
128031 l 114 185 255 169 116
128091 l 111 184 255 165 113
128150 l 108 178 255 162 107
128209 l 105 172 255 155 107
128269 l 102 171 255 152 108
128328 l 99 165 255 153 106
128389 l 96 165 255 149 108
128448 l 93 160 255 145 104
128507 l 90 159 255 141 100
128567 l 87 157 255 142 98
128626 l 84 157 255 138 100
128686 l 81 155 255 139 103
128745 l 78 157 255 141 106
128804 l 75 161 255 146 105
128864 l 72 162 255 148 110
128923 l 69 165 255 153 109
128984 l 66 166 255 151 115
129043 l 63 170 255 157 117
129101 l 60 179 255 161 119
129162 l 57 185 255 169 124
129221 l 54 191 255 172 129
129281 l 51 200 178 176 134
129340 l 48 204 175 182 142
129399 l 45 255 166 194 154
129459 l 42 255 150 223 165
129519 l 39 255 143 287 178
129577 l 36 201 136 545 188
129637 l 33 188 130 905 192
129697 l 30 182 126 883 199
129757 l 27 177 119 787 195
129816 l 24 173 119 675 190
129875 l 21 165 115 575 188
129935 l 18 159 111 504 182
129994 l 15 155 107 473 176
130054 l 12 153 104 459 175
130113 l 9 148 103 441 171
130172 l 6 145 105 431 166
130233 l 3 145 101 434 163
130792 l 0 140 97 421 162