37524 r 0 124 132 113 125
37532 r 5 122 130 113 126
37627 r 10 128 130 115 128
37723 r 15 130 136 117 133
37818 r 20 136 140 121 135
37913 r 25 141 148 127 145
38008 r 30 143 152 131 153
38105 r 35 154 164 143 165
38200 r 40 169 172 149 174
38295 r 45 182 174 157 181
38390 r 50 187 166 172 179
38486 r 55 183 156 177 169
38581 r 60 178 138 173 160
38676 r 65 160 134 161 146
38771 r 70 150 124 153 141
38866 r 75 145 120 144 134
38961 r 80 139 116 138 131
39056 r 85 132 112 133 126
39151 r 90 128 110 131 130
39246 r 95 125 110 127 128
39342 r 100 124 110 128 131
39438 r 105 132 112 136 135
39533 r 110 132 120 139 139
39628 r 115 140 126 144 144
39724 r 120 142 128 147 154
39819 r 125 152 140 161 167
39914 r 130 164 146 168 175
40010 r 135 171 162 183 180
40104 r 140 172 168 190 181
40201 r 145 170 170 188 175
40296 r 150 157 160 180 164
40391 r 155 142 154 168 151
40486 r 160 132 148 158 145
40581 r 165 125 138 153 139
40676 r 170 117 130 142 136
40771 r 175 113 132 142 134
45862 r 175 111 128 139 132
45871 r 170 110 128 136 132
45916 r 165 112 136 140 138
46011 r 160 116 140 146 143
46106 r 155 121 148 156 150
46201 r 150 129 156 168 159
46298 r 145 136 164 176 170
46393 r 140 141 168 184 185
46488 r 135 155 166 191 182
46583 r 130 170 156 186 179
46679 r 125 176 142 172 169
46774 r 120 170 136 157 158
46869 r 115 160 128 150 148
46964 r 110 149 120 141 138
47059 r 105 142 116 138 136
47155 r 100 137 112 135 133
47249 r 95 131 108 129 131
47344 r 90 127 108 129 127
47439 r 85 123 110 129 130
47535 r 80 125 114 134 133
47631 r 75 131 116 136 136
47726 r 70 134 122 146 141
47821 r 65 138 126 148 147
47917 r 60 146 132 154 156
48012 r 55 153 144 165 166
48108 r 50 167 154 173 179
48203 r 45 184 172 176 181
48299 r 40 186 172 169 180
48394 r 35 187 168 156 164
48489 r 30 180 162 143 156
48584 r 25 164 152 131 142
48679 r 20 150 142 128 137
48774 r 15 144 136 122 135
48869 r 10 138 136 118 132
48964 r 5 135 130 115 127
49059 r 0 131 128 111 125
49809 r 0 124 126 114 126
49817 r 5 122 130 110 124
49849 r 10 122 132 118 129
49918 r 15 131 138 122 134
50014 r 20 137 142 121 136
50110 r 25 141 152 133 143
50205 r 30 147 156 136 152
50301 r 35 155 162 143 160
50397 r 40 165 176 153 175
50492 r 45 181 172 163 181
50588 r 50 188 160 176 180
50683 r 55 183 148 176 166
50779 r 60 173 136 169 156
50875 r 65 159 126 158 150
50970 r 70 149 122 150 140
51065 r 75 142 120 143 136
51161 r 80 135 112 138 136
51257 r 85 130 114 131 130
51352 r 90 125 108 128 128
51447 r 95 125 110 127 130
51544 r 100 124 114 130 130
51639 r 105 130 118 137 134
51735 r 110 133 122 142 142
51830 r 115 135 124 147 145
51927 r 120 144 130 153 153
52022 r 125 152 146 160 165
52118 r 130 162 154 176 174
52213 r 135 171 164 185 179
52310 r 140 173 170 190 182
52405 r 145 170 168 186 174
52500 r 150 155 156 171 163
52596 r 155 144 152 164 151
52691 r 160 132 142 161 145
52787 r 165 124 138 146 139
52882 r 170 119 132 144 136
52978 r 175 115 126 141 134
58070 r 175 111 128 136 133
58078 r 170 113 134 138 132
58139 r 165 113 136 142 137
58235 r 160 118 140 145 141
58332 r 155 121 146 160 150
58427 r 150 127 156 165 158
58522 r 145 138 164 177 166
58618 r 140 144 170 186 178
58714 r 135 159 166 194 182
58809 r 130 172 156 184 181
58905 r 125 172 146 172 170
59000 r 120 168 134 158 164
59096 r 115 157 124 150 152
59192 r 110 149 124 143 141
59287 r 105 140 118 137 135
59382 r 100 138 116 133 135
59478 r 95 131 110 130 130
59574 r 90 127 108 128 127
59669 r 85 123 112 129 128
59764 r 80 128 112 134 131
59860 r 75 128 116 139 134
59956 r 70 135 118 142 135
60052 r 65 139 124 147 146
60147 r 60 144 138 156 152
60243 r 55 154 138 171 163
60339 r 50 167 156 177 171
60435 r 45 181 168 176 179
60530 r 40 185 174 165 180
60625 r 35 182 168 152 166
60722 r 30 169 162 142 157
60817 r 25 163 148 136 148
60912 r 20 152 142 129 142
61008 r 15 144 140 123 136
61104 r 10 137 134 120 130
61199 r 5 136 132 115 129
61294 r 0 131 128 113 125
62157 r 0 126 124 115 123
62166 r 5 126 128 113 124
62251 r 10 126 136 117 129
62346 r 15 131 138 126 131
62442 r 20 135 142 127 135
62537 r 25 139 148 132 142
62633 r 30 146 162 133 151
62729 r 35 153 164 142 158
62824 r 40 166 172 154 169
62920 r 45 181 170 167 177
63015 r 50 188 160 176 178
63112 r 55 185 148 176 174
63207 r 60 174 136 172 168
63302 r 65 162 128 156 156
63397 r 70 151 120 147 147
63493 r 75 143 116 138 140
63589 r 80 137 112 137 134
63684 r 85 133 112 132 133
63779 r 90 124 110 130 126
63875 r 95 123 110 125 129
63971 r 100 126 114 130 131
64066 r 105 131 116 137 133
64162 r 110 135 122 141 135
64258 r 115 140 126 144 144
64354 r 120 145 128 156 148
64449 r 125 156 142 163 155
64545 r 130 165 154 175 170
64641 r 135 175 164 186 180
64737 r 140 174 166 190 182
64832 r 145 169 164 188 179
64927 r 150 159 158 181 170
65024 r 155 147 150 166 163
65119 r 160 134 138 155 147
65214 r 165 124 138 148 142
65309 r 170 120 134 142 138
65405 r 175 112 128 140 133
70497 r 175 111 130 137 131
70505 r 170 112 132 134 135
70589 r 165 111 132 142 139
70684 r 160 118 140 149 141
70780 r 155 123 142 150 146
70876 r 150 126 154 167 159
70971 r 145 135 162 173 172
71066 r 140 148 172 185 177
71161 r 135 161 170 192 183
71257 r 130 173 154 185 184
71352 r 125 175 142 177 169
71447 r 120 168 136 162 158
71542 r 115 155 130 153 149
71638 r 110 146 122 141 137
71733 r 105 141 114 137 133
71828 r 100 140 116 135 133
71923 r 95 131 114 130 132
72018 r 90 128 110 127 126
72114 r 85 126 108 125 126
72209 r 80 126 112 131 134
72304 r 75 130 116 137 138
72399 r 70 132 120 141 140
72495 r 65 139 124 145 145
72590 r 60 145 134 155 152
72686 r 55 155 144 166 164
72781 r 50 163 156 176 177
72877 r 45 178 166 176 185
72972 r 40 188 170 172 177
73067 r 35 186 170 154 164
73162 r 30 176 160 143 155
73257 r 25 164 152 133 146
73353 r 20 150 144 127 141
73448 r 15 142 138 121 134
73543 r 10 137 132 120 130
73638 r 5 133 130 114 127
73734 r 0 129 128 113 126
74447 r 0 124 126 112 129
74456 r 5 126 126 110 125
74496 r 10 124 134 115 132
74591 r 15 135 138 120 134
74686 r 20 138 138 121 144
74781 r 25 142 146 128 143
74876 r 30 141 154 131 153
74973 r 35 152 166 137 163
75068 r 40 162 172 156 176
75163 r 45 180 168 170 178
75258 r 50 186 166 176 179
75354 r 55 186 148 175 171
75449 r 60 180 136 173 156
75544 r 65 166 130 157 147
75639 r 70 151 122 147 142
75735 r 75 143 120 142 133
75830 r 80 138 112 139 133
75924 r 85 135 112 129 127
76019 r 90 125 110 131 129
76114 r 95 122 110 125 127
76210 r 100 124 110 133 131
76306 r 105 128 114 136 135
76401 r 110 138 122 141 140
76496 r 115 138 124 146 147
76592 r 120 144 130 151 155
76687 r 125 150 140 166 167
76782 r 130 162 154 176 180
76877 r 135 175 164 184 184
76974 r 140 171 172 189 181
77069 r 145 168 166 187 173
77164 r 150 151 158 176 162
77259 r 155 141 154 163 148
77355 r 160 131 144 155 147
77450 r 165 128 138 150 141
77546 r 170 118 132 144 135
77641 r 175 111 128 138 131
82733 r 175 110 128 136 134
82741 r 170 112 132 139 132
82802 r 165 111 138 143 137
82898 r 160 114 142 146 143
82994 r 155 120 144 155 150
83090 r 150 125 160 167 158
83185 r 145 136 168 179 171
83281 r 140 143 170 189 180
83377 r 135 157 170 189 185
83472 r 130 169 158 184 181
83568 r 125 175 144 170 169
83663 r 120 168 130 156 157
83759 r 115 159 128 150 148
83854 r 110 152 124 144 145
83950 r 105 144 116 141 138
84045 r 100 135 112 134 134
84141 r 95 132 112 132 128
84236 r 90 127 108 125 128
84332 r 85 121 110 129 127
84427 r 80 121 114 134 132
84524 r 75 129 116 136 134
84619 r 70 134 122 142 139
84715 r 65 140 124 148 143
84810 r 60 145 136 156 152
84907 r 55 154 140 171 164
85002 r 50 170 156 176 176
85098 r 45 181 166 178 179
85193 r 40 186 174 169 178
85288 r 35 187 170 149 168
85385 r 30 172 156 141 154
85480 r 25 158 152 135 149
85575 r 20 148 140 128 140
85671 r 15 142 136 124 135
85767 r 10 136 136 120 131
85862 r 5 133 128 117 130
85957 r 0 129 126 110 124
86666 r 0 124 130 113 128
86674 r 5 122 130 115 122
86722 r 10 121 132 119 130
86818 r 15 129 134 121 133
86914 r 20 135 142 125 138
87010 r 25 136 148 128 141
87105 r 30 144 158 136 151
87200 r 35 153 170 141 163
87297 r 40 158 174 157 171
87392 r 45 176 170 170 180
87488 r 50 188 160 177 183
87583 r 55 187 144 174 172
87678 r 60 175 136 168 160
87774 r 65 162 130 159 152
87870 r 70 150 120 147 143
87965 r 75 146 116 141 137
88060 r 80 137 112 135 134
88156 r 85 133 110 133 132
88252 r 90 126 110 126 130
88347 r 95 125 112 131 133
88442 r 100 126 110 132 130
88539 r 105 131 116 137 133
88634 r 110 134 122 141 138
88730 r 115 138 124 144 140
88825 r 120 143 136 154 154
88922 r 125 152 138 159 161
89017 r 130 164 158 171 173
89113 r 135 173 164 186 181
89208 r 140 172 170 190 183
89305 r 145 170 166 188 180
89400 r 150 153 154 176 167
89495 r 155 139 150 164 156
89591 r 160 129 144 157 150
89687 r 165 127 136 149 139
89782 r 170 120 134 144 138
89877 r 175 113 128 139 133
94968 r 175 109 128 135 132
94977 r 170 111 128 136 132
95073 r 165 112 134 143 135
95168 r 160 117 138 145 143
95263 r 155 121 146 153 152
95358 r 150 128 156 162 165
95454 r 145 136 158 174 172
95549 r 140 146 168 185 181
95644 r 135 160 170 190 183
95740 r 130 175 162 190 178
95836 r 125 176 152 175 171
95931 r 120 173 138 163 156
96026 r 115 163 130 154 146
96120 r 110 155 122 148 143
96216 r 105 145 118 140 135
96311 r 100 137 116 136 132
96406 r 95 135 110 132 130
96501 r 90 128 108 131 128
96596 r 85 123 110 129 129
96692 r 80 124 112 130 134
96788 r 75 127 118 136 138
96883 r 70 131 118 143 138
96978 r 65 140 126 144 147
97074 r 60 144 128 153 160
97169 r 55 155 138 164 163
97265 r 50 163 158 176 176
97360 r 45 180 168 180 181
97456 r 40 184 170 172 176
97551 r 35 184 170 157 166
97646 r 30 181 158 141 153
97740 r 25 159 154 129 143
97836 r 20 150 144 128 138
97931 r 15 144 142 123 132
98026 r 10 136 134 121 131
98121 r 5 133 130 115 127
98216 r 0 128 128 112 126