33363 r 0 131 130 123 110
33372 r 5 129 130 122 112
33432 r 10 128 130 123 114
33527 r 15 134 134 127 117
33624 r 20 142 140 130 120
33719 r 25 147 144 135 124
33814 r 30 150 156 139 130
33909 r 35 158 156 149 139
34004 r 40 170 168 160 153
34100 r 45 181 176 168 165
34196 r 50 189 180 177 175
34291 r 55 189 172 171 174
34386 r 60 182 158 159 168
34482 r 65 166 148 144 157
34577 r 70 154 138 138 150
34671 r 75 145 132 125 142
34766 r 80 141 128 121 142
34862 r 85 134 124 116 137
34957 r 90 127 122 112 134
35052 r 95 128 118 111 132
35147 r 100 128 122 113 136
35243 r 105 132 124 116 138
35339 r 110 135 128 118 146
35434 r 115 139 132 125 150
35529 r 120 143 140 128 160
35624 r 125 148 146 134 168
35720 r 130 161 156 145 181
35815 r 135 174 164 152 185
35910 r 140 178 168 167 188
36005 r 145 179 164 178 181
36101 r 150 172 146 186 165
36196 r 155 156 138 181 156
36291 r 160 146 132 170 148
36386 r 165 136 124 164 142
36482 r 170 134 118 152 138
36577 r 175 126 112 147 133
41667 r 175 119 112 147 133
41675 r 170 123 114 144 134
41719 r 165 125 116 148 136
41815 r 160 127 126 158 146
41911 r 155 130 130 163 150
42006 r 150 141 140 176 162
42101 r 145 152 148 184 172
42196 r 140 162 158 184 183
42292 r 135 179 166 175 186
42387 r 130 184 164 167 184
42482 r 125 179 154 148 173
42577 r 120 167 146 138 160
42673 r 115 156 136 131 151
42768 r 110 148 132 126 148
42863 r 105 141 128 123 142
42958 r 100 135 124 116 136
43053 r 95 134 118 115 134
43148 r 90 127 122 111 131
43244 r 85 123 122 112 135
43338 r 80 125 124 116 138
43435 r 75 130 130 118 143
43530 r 70 138 128 124 147
43625 r 65 140 136 130 155
43720 r 60 148 146 138 168
43815 r 55 158 160 144 173
43911 r 50 173 172 164 175
44007 r 45 180 180 172 170
44101 r 40 190 180 175 152
44196 r 35 192 170 166 141
44292 r 30 182 160 151 132
44387 r 25 169 146 145 129
44482 r 20 155 144 137 119
44577 r 15 147 138 134 118
44673 r 10 142 134 128 117
44768 r 5 140 132 129 112
44863 r 0 136 128 122 110