130586 c 147.5 130.521 0
130740 s 0 831 144 118 130
130748 s 5 836 140 116 131
130782 s 10 837 146 121 136
130877 s 15 826 146 122 139
130972 s 20 691 154 123 143
131067 s 25 531 162 129 148
131163 s 30 393 172 136 154
131259 s 35 327 184 144 161
131354 s 40 278 186 156 255
131449 s 45 247 180 173 255
131545 s 50 225 164 182 255
131640 s 55 201 150 183 255
131735 s 60 185 138 175 255
131830 s 65 171 130 163 255
131926 s 70 157 124 156 255
132021 s 75 154 118 148 255
132116 s 80 149 114 140 255
132211 s 85 141 114 134 255
132306 s 90 141 112 135 255
132402 s 95 140 110 136 255
132497 s 100 141 114 135 255
132592 s 105 143 118 138 255
132687 s 110 143 118 143 255
132783 s 115 152 128 151 255
132878 s 120 159 130 155 255
132973 s 125 170 146 168 255
133068 s 130 181 154 180 255
133165 s 135 190 168 194 255
133260 s 140 190 176 214 255
133355 s 145 174 174 240 255
133450 s 150 155 166 268 172
133547 s 155 141 156 304 161
133642 s 160 135 146 353 154
133737 s 165 125 142 460 153
133832 s 170 120 136 623 147
133928 s 175 112 134 776 144
135019 s 175 111 132 799 143
135028 s 170 112 136 785 142
135074 s 165 114 138 544 151
135171 s 160 119 146 412 154
135267 s 155 122 154 349 160
135362 s 150 128 162 293 164
135457 s 145 136 174 254 255
135554 s 140 147 178 225 255
135649 s 135 166 174 206 255
135745 s 130 180 158 191 255
135840 s 125 190 146 173 255
135936 s 120 186 136 162 255
136031 s 115 175 128 153 255
136127 s 110 164 120 147 255
136222 s 105 158 118 142 255
136317 s 100 148 116 137 255
136413 s 95 142 112 135 255
136509 s 90 139 114 134 255
136604 s 85 141 114 137 255
136700 s 80 140 114 134 255
136796 s 75 138 114 145 255
136891 s 70 149 122 144 255
136987 s 65 155 128 151 255
137082 s 60 152 134 159 255
137179 s 55 163 144 176 255
137274 s 50 176 160 182 255
137370 s 45 190 174 179 255
137465 s 40 207 182 172 255
137562 s 35 227 184 149 166
137657 s 30 262 176 136 160
137752 s 25 301 168 134 149
137848 s 20 355 156 129 145
137944 s 15 443 152 123 140
138039 s 10 601 148 116 135
138134 s 5 790 142 116 132
138230 s 0 830 140 119 129
151567 c 147 491.403 0.0343327
141748 s 0 477 134 494 133
141756 s 5 469 134 501 130
141832 s 10 468 138 505 132
141927 s 15 478 140 512 136
142022 s 20 494 146 507 138
142117 s 25 510 150 490 145
142213 s 30 537 156 431 146
142308 s 35 567 164 349 166
142404 s 40 562 172 287 255
142499 s 45 385 510 248 255
142595 s 50 254 510 224 255
142690 s 55 201 510 202 255
142785 s 60 183 510 183 255
142880 s 65 174 510 166 255
142976 s 70 161 510 160 255
143071 s 75 153 510 146 255
143166 s 80 147 510 145 255
143261 s 85 141 510 140 255
143356 s 90 138 510 133 255
143452 s 95 136 510 134 255
143547 s 100 133 510 137 255
143642 s 105 135 510 137 255
143737 s 110 142 510 138 255
143833 s 115 147 510 144 255
143928 s 120 152 510 147 255
144023 s 125 163 510 154 255
144118 s 130 173 510 165 255
144214 s 135 187 510 175 255
144309 s 140 203 510 192 255
144404 s 145 231 510 209 255
144500 s 150 265 162 238 166
144595 s 155 305 158 262 161
144690 s 160 365 150 313 154
144785 s 165 443 146 377 145
144880 s 170 503 144 454 143
144975 s 175 515 134 476 140
146066 s 175 505 132 476 144
146074 s 170 507 136 477 141
146163 s 165 516 136 470 143
146259 s 160 504 142 429 148
146355 s 155 474 152 355 154
146451 s 150 395 154 289 164
146547 s 145 325 164 245 170
146642 s 140 279 510 221 255
146739 s 135 250 510 201 255
146834 s 130 223 510 189 255
146931 s 125 206 510 172 255
147025 s 120 187 510 157 255
147121 s 115 167 510 150 255
147217 s 110 161 510 145 255
147312 s 105 152 510 139 255
147407 s 100 143 510 140 255
147503 s 95 141 510 135 255
147599 s 90 135 510 132 255
147694 s 85 135 510 136 255
147790 s 80 139 510 139 255
147886 s 75 139 510 144 255
147981 s 70 143 510 148 255
148077 s 65 147 510 154 255
148172 s 60 156 510 167 255
148268 s 55 164 510 175 255
148364 s 50 173 510 192 255
148459 s 45 193 510 208 255
148555 s 40 224 510 229 255
148651 s 35 308 510 257 255
148746 s 30 509 164 318 158
148841 s 25 573 156 386 153
148936 s 20 544 150 468 143
149032 s 15 514 146 505 138
149128 s 10 493 142 508 137
149223 s 5 478 136 509 134
149318 s 0 471 136 507 132
165237 c 138.75 783.362 359.985
155444 s 0 167 510 806 126
155452 s 5 163 510 805 126
155533 s 10 160 510 787 127
155628 s 15 165 510 723 127
155724 s 20 169 510 549 131
155820 s 25 174 510 406 134
155916 s 30 181 510 325 139
156011 s 35 190 510 277 146
156106 s 40 207 510 245 158
156203 s 45 222 510 213 167
156298 s 50 243 510 191 184
156394 s 55 267 510 175 255
156489 s 60 313 510 162 255
156584 s 65 368 510 152 255
156680 s 70 455 510 143 185
156776 s 75 499 510 138 181
156871 s 80 514 510 135 172
156967 s 85 504 510 130 166
157063 s 90 499 510 129 162
157158 s 95 495 510 130 162
157254 s 100 490 510 129 162
157349 s 105 498 510 133 162
157445 s 110 503 510 134 167
157541 s 115 491 510 140 170
157636 s 120 416 510 147 176
157732 s 125 319 510 154 255
157828 s 130 251 510 165 255
157924 s 135 218 510 182 255
158019 s 140 211 510 203 255
158114 s 145 221 160 210 255
158210 s 150 249 150 215 255
158305 s 155 274 146 206 255
158401 s 160 323 142 194 255
158495 s 165 402 136 183 255
158592 s 170 520 130 178 255
158687 s 175 699 128 169 255
159778 s 175 783 128 172 255
159787 s 170 789 130 172 255
159836 s 165 782 130 180 255
159931 s 160 582 138 190 255
160026 s 155 442 144 196 255
160121 s 150 355 152 209 255
160218 s 145 303 162 215 255
160313 s 140 272 510 214 255
160409 s 135 242 510 201 255
160504 s 130 218 510 178 255
160600 s 125 209 510 162 255
160696 s 120 222 510 157 255
160791 s 115 263 510 143 176
160886 s 110 344 510 137 169
160983 s 105 434 510 135 169
161078 s 100 494 510 128 163
161173 s 95 500 510 128 163
161269 s 90 501 510 127 160
161364 s 85 492 510 131 161
161460 s 80 494 510 130 166
161556 s 75 503 510 134 170
161651 s 70 505 510 139 174
161746 s 65 512 510 147 183
161843 s 60 484 510 157 255
161938 s 55 403 510 167 255
162034 s 50 333 510 177 255
162129 s 45 288 510 198 188
162225 s 40 255 510 223 168
162321 s 35 225 510 251 159
162416 s 30 210 510 290 146
162511 s 25 197 510 349 139
162608 s 20 183 510 448 136
162703 s 15 178 510 654 132
162798 s 10 170 510 763 127
162894 s 5 167 510 800 128
162990 s 0 163 510 807 128
182661 c 491.039 786.74 267.285
172841 s 0 138 106 477 172
172850 s 5 136 108 482 177
172930 s 10 134 110 494 182
173025 s 15 135 112 501 184
173121 s 20 144 116 485 255
173216 s 25 149 124 452 255
173313 s 30 161 130 389 255
173408 s 35 174 140 330 255
173504 s 40 177 152 291 255
173600 s 45 179 510 258 255
173696 s 50 160 510 242 181
173791 s 55 147 510 226 166
173887 s 60 135 510 215 161
173982 s 65 123 510 201 148
174078 s 70 116 510 190 143
174174 s 75 110 510 186 138
174269 s 80 111 510 179 132
174365 s 85 104 510 181 132
174460 s 90 106 510 181 132
174556 s 95 103 510 185 136
174652 s 100 104 510 188 136
174747 s 105 107 510 193 139
174842 s 110 111 510 196 144
174939 s 115 114 510 210 157
175034 s 120 123 510 224 168
175129 s 125 133 510 231 176
175225 s 130 141 510 230 179
175321 s 135 152 510 217 170
175417 s 140 173 510 197 159
175512 s 145 188 510 180 145
175607 s 150 232 510 167 132
175704 s 155 331 194 156 128
175799 s 160 481 186 148 119
175894 s 165 510 180 145 115
175989 s 170 497 176 140 113
176086 s 175 487 174 137 108
177176 s 175 474 172 137 109
177184 s 170 474 174 139 111
177268 s 165 475 178 136 111
177363 s 160 484 180 142 115
177459 s 155 500 190 147 123
177555 s 150 513 510 151 127
177650 s 145 453 510 161 132
177745 s 140 293 510 174 144
177841 s 135 217 510 191 163
177936 s 130 179 510 211 174
178031 s 125 161 510 225 178
178126 s 120 144 510 233 174
178222 s 115 131 510 226 163
178317 s 110 124 510 216 155
178412 s 105 117 510 202 145
178507 s 100 112 510 194 139
178603 s 95 110 510 184 135
178698 s 90 109 510 184 133
178793 s 85 106 510 179 133
178888 s 80 106 510 179 134
178983 s 75 105 510 181 134
179079 s 70 107 510 184 136
179174 s 65 111 510 190 144
179270 s 60 112 510 203 148
179365 s 55 121 510 213 160
179461 s 50 125 510 227 169
179556 s 45 140 510 234 255
179651 s 40 152 510 251 255
179747 s 35 172 148 279 255
179842 s 30 181 132 324 255
179938 s 25 176 128 374 255
180033 s 20 165 118 436 255
180128 s 15 153 116 480 190
180222 s 10 144 110 497 185
180318 s 5 136 110 494 180
180413 s 0 137 108 485 174
