1999 -1128 956 16632 -485 -106 -644 208 -120 -742 
2008 -1056 1144 15628 -584 -19 -880 208 -120 -742 
2015 -316 540 16388 -988 12 -1289 208 -120 -742 
2023 -1136 1200 16072 -1373 97 -1313 208 -120 -742 
2031 -760 824 16228 -1636 58 -1621 208 -120 -742 
2039 -672 956 16164 -1867 89 -1765 208 -120 -742 
2046 -196 496 15668 -1953 204 -1834 208 -120 -742 
2055 -80 -360 15204 -1740 211 -1798 208 -120 -742 
2063 -84 -776 15364 -1407 171 -1541 208 -120 -742 
2070 -176 -604 15340 -1087 -3 -1424 208 -120 -742 
2078 -212 -352 15420 -799 -11 -1360 208 -120 -742 
2086 -124 -472 15388 -541 -26 -1278 208 -120 -742 
2094 36 -708 15572 -344 -4 -1192 208 -120 -742 
2102 -240 -756 15476 -95 25 -1071 208 -120 -742 
2110 -116 -848 15596 92 -66 -930 208 -120 -742 
2117 -44 -736 15396 344 -124 -704 208 -120 -742 
2125 116 -404 15400 580 -182 -606 208 -120 -742 
2132 208 0 15576 757 -117 -483 208 -120 -742 
2141 240 -284 15400 843 5 -233 208 -120 -742 
2148 -12 -328 15504 1006 -5 -18 208 -120 -742 
2156 -76 -236 15608 1171 -115 142 208 -120 -742 
2164 20 -176 15608 1309 -85 372 208 -120 -742 
2171 208 156 15580 1382 -56 571 208 -120 -742 
2180 164 336 15724 1408 73 763 208 -120 -742 
2187 0 416 15868 1333 107 874 208 -120 -742 
2195 -152 588 16464 1161 -31 1030 208 -120 -742 
2203 -512 1036 17072 649 -115 1096 208 -120 -742 
2210 -548 1080 17200 -88 -15 1090 208 -120 -742 
2219 -520 1080 16956 -849 83 963 208 -120 -742 
2227 -480 936 16624 -1473 59 882 208 -120 -742 
2234 -448 704 16236 -1848 103 762 208 -120 -742 
2242 -404 176 15984 -2040 112 682 208 -120 -742 
2250 -368 -188 15792 -2040 133 601 208 -120 -742 
2257 -656 -440 15480 -1825 107 530 208 -120 -742 
2266 -748 -576 15132 -1498 43 359 208 -120 -742 
2274 -700 -564 15076 -1111 -22 146 208 -120 -742 
2281 -736 -436 15168 -724 24 -151 208 -120 -742 
2289 -768 -476 15092 -390 53 -438 208 -120 -742 
2296 -756 -304 15080 2 -63 -664 208 -120 -742 
2305 -868 -424 15436 339 -33 -825 208 -120 -742 
2312 -816 -656 15580 496 -64 -959 208 -120 -742 
2320 -776 -240 15628 620 -128 -1180 208 -120 -742 
2328 -668 -316 15816 707 -191 -1301 208 -120 -742 
2335 -464 -572 15792 788 -197 -1380 208 -120 -742 
2343 -300 -532 15636 746 -161 -1431 208 -120 -742 
2352 -132 -536 15792 762 -152 -1519 208 -120 -742 
2360 -32 -388 15740 719 -91 -1518 208 -120 -742 
2367 -68 -144 15808 628 30 -1579 208 -120 -742 
2375 12 -240 15740 543 233 -1549 208 -120 -742 
2382 -588 -280 15780 536 160 -1564 208 -120 -742 
2391 -524 -368 16016 565 28 -1636 208 -120 -742 
2399 -196 8 16092 417 -2 -1639 208 -120 -742 
2406 -372 312 16164 201 21 -1613 208 -120 -742 
2414 312 204 16184 -154 59 -1540 208 -120 -742 
2421 -476 -112 16612 -445 68 -1279 208 -120 -742 
2429 -548 -92 16144 -608 -3 -1171 208 -120 -742 
2438 -236 168 16380 -643 -99 -842 208 -120 -742 
2445 -444 452 16280 -951 -77 -817 208 -120 -742 
2453 -216 824 16592 -1391 -62 -815 208 -120 -742 
2460 -284 1240 16908 -2036 -46 -999 208 -120 -742 
2468 -400 1392 17028 -2774 99 -1163 208 -120 -742 
2477 -704 968 17300 -3506 137 -1475 208 -120 -742 
2485 -604 1176 17384 -4383 63 -1654 208 -120 -742 
2492 -316 1168 17916 -5297 -73 -1941 208 -120 -742 
2500 -580 1640 16932 -6408 203 -1784 208 -120 -742 
2508 -1220 1244 16796 -7183 391 -1820 208 -120 -742 
2516 -1652 516 16292 -7300 -161 -1958 208 -120 -742 
2525 -424 -684 15972 -7165 -566 -2012 208 -120 -742 
2532 -564 -896 15304 -6803 -961 -1701 208 -120 -742 
2540 -596 -1436 15324 -6190 -1378 -1363 208 -120 -742 
2548 -400 -2240 15272 -5694 -1906 -1084 208 -120 -742 
2556 -256 -1920 15236 -5170 -2394 -687 208 -120 -742 
2565 -44 -1816 15368 -4840 -2448 -496 208 -120 -742 
2572 344 -1936 14760 -4460 -2403 -409 208 -120 -742 
2580 476 -2112 15328 -4264 -2608 -185 208 -120 -742 
2588 556 -2024 15144 -4033 -2314 34 208 -120 -742 
2596 452 -1720 14948 -3992 -2107 232 208 -120 -742 
2604 712 -1884 15180 -3774 -1864 114 208 -120 -742 
2612 612 -1764 15076 -3752 -1474 83 208 -120 -742 
2620 496 -2048 15096 -3662 -1012 -145 208 -120 -742 
2628 656 -2776 14712 -3381 -677 -228 208 -120 -742 
2635 672 -2980 14380 -2887 -465 -233 208 -120 -742 
2643 860 -3128 14164 -2295 -343 -108 208 -120 -742 
2652 852 -3096 14204 -1676 -184 110 208 -120 -742 
2660 808 -2968 14548 -1124 -23 306 208 -120 -742 
2667 512 -2940 15216 -743 44 366 208 -120 -742 
2675 260 -2632 15412 -650 7 476 208 -120 -742 
2683 384 -1996 15788 -681 96 553 208 -120 -742 
2691 416 -1524 16076 -969 301 580 208 -120 -742 
2699 420 -1532 16296 -1443 481 682 208 -120 -742 
2707 364 -1364 16448 -1962 632 729 208 -120 -742 
2714 576 -1376 16516 -2519 781 864 208 -120 -742 
2722 612 -1228 16468 -3149 1016 933 208 -120 -742 
2731 192 -1112 16760 -3621 801 921 208 -120 -742 
2739 516 -1064 15624 -4092 1071 686 208 -120 -742 
2746 508 -1272 16300 -4621 1457 752 208 -120 -742 
2754 200 -1564 16176 -5076 1613 804 208 -120 -742 
2762 248 -1888 15872 -5405 1647 729 208 -120 -742 
2770 -52 -2232 15712 -5558 1646 717 208 -120 -742 
2778 -156 -2640 15376 -5584 1638 812 208 -120 -742 
2786 -60 -3476 15628 -5599 1516 807 208 -120 -742 
2794 -132 -3908 16616 -5943 1026 656 208 -120 -742 
2802 -732 -2940 16084 -6318 819 724 208 -120 -742 
2809 72 -3024 15276 -6760 811 1343 208 -120 -742 
2818 -748 -3204 15892 -7045 402 1149 208 -120 -742 
2826 -1048 -3288 15848 -7477 107 1184 208 -120 -742 
2834 -1936 -3400 16532 -7794 -367 1018 208 -120 -742 
2842 -1156 -3424 15928 -7840 -281 736 208 -120 -742 
2849 -1056 -3636 14504 -7829 -504 891 208 -120 -742 
2857 -1268 -4672 14840 -6931 -919 408 208 -120 -742 
2866 932 -884 13464 -6245 -672 -1226 208 -120 -742 
2874 2168 -3708 13120 -5742 576 -362 208 -120 -742 
2882 1356 -4064 13764 -5547 1496 -514 208 -120 -742 
2889 264 -4652 14008 -5020 2130 -518 208 -120 -742 
2897 -548 -5108 14084 -4536 2217 -719 208 -120 -742 
2906 -972 -5508 14536 -3942 2129 -848 208 -120 -742 
2914 -840 -5588 14392 -3314 1807 -940 208 -120 -742 
2922 -764 -5516 14364 -2636 1465 -929 208 -120 -742 
2929 -816 -5292 14636 -2059 1146 -745 208 -120 -742 
2937 -712 -4948 15016 -1775 927 -620 208 -120 -742 
2946 -492 -4628 15236 -1711 732 -472 208 -120 -742 
2954 -504 -4468 15360 -1766 641 -324 208 -120 -742 
2961 -540 -4300 15416 -1759 473 -150 208 -120 -742 
2969 -368 -4280 15352 -1903 398 55 208 -120 -742 
2977 -284 -4360 15300 -2016 341 157 208 -120 -742 
2985 -588 -4300 15384 -2135 263 276 208 -120 -742 
2993 -584 -4372 15516 -2328 129 365 208 -120 -742 
3001 -536 -4672 15192 -2452 32 470 208 -120 -742 
3009 -788 -4384 15588 -2589 5 439 208 -120 -742 
3016 -252 -4468 15208 -2692 13 458 208 -120 -742 
3024 -372 -4528 14988 -2680 96 559 208 -120 -742 
3033 -504 -4896 14948 -2611 -5 475 208 -120 -742 
3040 -292 -5140 15144 -2606 -170 364 208 -120 -742 
3048 -132 -5096 15120 -2752 -199 409 208 -120 -742 
3056 -308 -5308 15084 -3082 -61 691 208 -120 -742 
3064 -1008 -5312 15204 -3332 -313 810 208 -120 -742 
3072 -700 -5304 15280 -3647 -521 1023 208 -120 -742 
3080 -184 -5408 15140 -4004 -490 1163 208 -120 -742 
3088 -120 -5068 14492 -4392 -370 1175 208 -120 -742 
3096 -736 -5800 15140 -4579 -519 1229 208 -120 -742 
3103 -528 -5720 14656 -4821 -455 1205 208 -120 -742 
3111 -1260 -5724 15020 -5074 -568 1230 208 -120 -742 
3120 -544 -5860 14876 -5272 -457 1163 208 -120 -742 
3128 -540 -5804 14768 -5540 -387 1115 208 -120 -742 
3136 -620 -5892 14728 -5657 -430 1003 208 -120 -742 
3143 -692 -6160 14612 -5954 -395 949 208 -120 -742 
3151 -748 -6436 14360 -6081 -393 941 208 -120 -742 
3160 -644 -6380 14244 -6184 -248 820 208 -120 -742 
3168 -916 -6688 14512 -6108 -321 554 208 -120 -742 
3175 -856 -6392 14036 -6007 -265 297 208 -120 -742 
3183 -676 -6712 14216 -5834 -131 184 208 -120 -742 
3191 -864 -6896 13800 -5559 -196 -1 208 -120 -742 
3200 -772 -7004 14144 -5332 -291 -235 208 -120 -742 
3207 -704 -6868 13956 -5375 -213 -333 208 -120 -742 
3215 -328 -6912 13784 -5365 -212 -244 208 -120 -742 
3223 -68 -6864 13748 -5688 -293 -232 208 -120 -742 
3231 -356 -7120 14076 -6127 -73 -130 208 -120 -742 
3238 -368 -7576 14268 -6622 -116 -84 208 -120 -742 
3247 -60 -7320 13920 -7033 -210 76 208 -120 -742 
3255 -460 -7012 14108 -7448 -208 332 208 -120 -742 
3262 -836 -6812 14264 -7755 -111 317 208 -120 -742 
3270 -392 -7240 14360 -8034 -408 233 208 -120 -742 
3278 -1164 -7188 14460 -8371 -489 190 208 -120 -742 
3287 -1068 -7328 14044 -8660 -687 107 208 -120 -742 
3294 -740 -7676 14340 -8837 -882 -42 208 -120 -742 
3302 -812 -7792 14012 -9267 -953 -82 208 -120 -742 
3310 -792 -7852 13552 -9616 -987 51 208 -120 -742 
3318 -528 -8240 13536 -9878 -1104 -1 208 -120 -742 
3325 -696 -8680 13356 -10004 -1326 21 208 -120 -742 
3334 -848 -8992 13020 -10066 -1623 3 208 -120 -742 
3342 -368 -8936 12456 -10106 -1636 90 208 -120 -742 
3350 -488 -9276 12760 -9918 -1681 98 208 -120 -742 
3357 -736 -9340 12752 -9762 -1680 -34 208 -120 -742 
3365 -516 -9616 12072 -9471 -1717 -99 208 -120 -742 
3374 -508 -9560 12156 -9220 -1665 -153 208 -120 -742 
3382 -356 -9540 12444 -9091 -1576 -335 208 -120 -742 
3389 -36 -9384 12344 -9033 -1418 -606 208 -120 -742 
3397 184 -9728 11796 -8837 -1025 -852 208 -120 -742 
3405 16 -9956 11592 -8358 -730 -979 208 -120 -742 
3414 -608 -11692 10980 -7179 -928 -1235 208 -120 -742 
3422 -2752 -12736 11048 -4922 -2296 -1871 208 -120 -742 
3429 -268 -11212 11248 -3788 -2849 -1754 208 -120 -742 
3437 1188 -9340 11868 -4161 -2280 -1374 208 -120 -742 
3445 988 -10108 11972 -4568 -1705 -1210 208 -120 -742 
3453 -164 -10380 12460 -4528 -1726 -1323 208 -120 -742 
3462 -212 -10552 12156 -4402 -1889 -1294 208 -120 -742 
3470 -16 -9768 12104 -4365 -2025 -1391 208 -120 -742 
3478 48 -10008 12024 -4225 -1821 -1421 208 -120 -742 
3486 212 -9928 12580 -4228 -1849 -1581 208 -120 -742 
3493 316 -10016 12032 -4283 -1738 -1594 208 -120 -742 
3502 728 -10240 11724 -4248 -1540 -1508 208 -120 -742 
3510 520 -11180 11436 -4195 -1601 -1448 208 -120 -742 
3518 1308 -10960 10656 -4136 -1625 -1442 208 -120 -742 
3526 872 -11844 10732 -3633 -1611 -1155 208 -120 -742 
3534 396 -11124 10552 -3343 -1852 -1000 208 -120 -742 
3543 740 -11264 10884 -3108 -1904 -844 208 -120 -742 
3551 1120 -11292 10876 -2964 -1655 -795 208 -120 -742 
3559 620 -11300 10700 -2729 -1543 -681 208 -120 -742 
3566 776 -11376 10688 -2425 -1523 -554 208 -120 -742 
3574 1144 -11476 10760 -2070 -1413 -526 208 -120 -742 
3582 1184 -11284 10616 -1835 -1210 -423 208 -120 -742 
3591 1240 -11480 10588 -1673 -1058 -245 208 -120 -742 
3599 1512 -11840 10128 -1405 -800 -360 208 -120 -742 
3607 1320 -11640 10360 -1028 -575 -95 208 -120 -742 
3615 888 -11444 10660 -799 -576 -69 208 -120 -742 
3622 912 -11484 11240 -661 -562 -71 208 -120 -742 
3631 804 -11276 11008 -747 -418 -174 208 -120 -742 
3639 472 -10940 11568 -785 -370 -269 208 -120 -742 
3646 460 -11088 11504 -895 -295 -339 208 -120 -742 
3654 492 -11016 11564 -1055 -322 -381 208 -120 -742 
3662 364 -11000 11820 -1193 -424 -486 208 -120 -742 
3671 612 -10884 11780 -1427 -574 -527 208 -120 -742 
3679 856 -11092 11200 -1529 -459 -532 208 -120 -742 
3686 1176 -11948 11304 -1407 -550 -699 208 -120 -742 
3694 304 -10720 10884 -1430 -476 -469 208 -120 -742 
3702 368 -11336 11112 -1583 -477 -531 208 -120 -742 
3710 632 -11312 11192 -1450 -487 -786 208 -120 -742 
3719 480 -11128 11212 -1506 -472 -867 208 -120 -742 
3726 1164 -11184 11088 -1624 -320 -935 208 -120 -742 
3734 1716 -11516 10784 -1691 -13 -877 208 -120 -742 
3742 1708 -11800 10564 -1477 396 -793 208 -120 -742 
3750 1264 -11504 10116 -1357 549 -459 208 -120 -742 
3759 688 -12580 10168 -1447 365 -378 208 -120 -742 
3766 884 -12908 10324 -302 14 -758 208 -120 -742 
3774 956 -10160 9772 -632 192 -524 208 -120 -742 
3782 608 -12464 10888 -497 273 -471 208 -120 -742 
3789 732 -11600 10920 -356 -34 -676 208 -120 -742 
3798 1028 -10700 11356 -587 -60 -490 208 -120 -742 
3806 1256 -11396 11152 -697 344 -522 208 -120 -742 
3814 1732 -11552 11300 -754 698 -539 208 -120 -742 
3821 1432 -10944 11384 -929 1163 -528 208 -120 -742 
3829 1016 -11596 11124 -848 1513 -667 208 -120 -742 
3837 664 -11340 11216 -1091 1766 -700 208 -120 -742 
3846 -208 -11480 11356 -981 1620 -545 208 -120 -742 
3854 392 -12356 10416 -939 1322 -776 208 -120 -742 
3862 -304 -11828 10792 -650 741 -900 208 -120 -742 
3869 -288 -11676 10672 -602 302 -944 208 -120 -742 
3877 448 -11724 10400 -516 -154 -892 208 -120 -742 
3886 776 -11916 10508 -486 -363 -1026 208 -120 -742 
3894 1124 -11704 10568 -383 -596 -941 208 -120 -742 
3901 1068 -11500 10620 -423 -556 -783 208 -120 -742 
3909 1048 -11616 10900 -317 -655 -658 208 -120 -742 
3917 1328 -11504 11144 -526 -796 -446 208 -120 -742 
3926 1352 -11440 11224 -723 -944 -235 208 -120 -742 
3934 1352 -11548 11076 -971 -1057 -73 208 -120 -742 
3941 1220 -11396 11204 -1160 -1184 85 208 -120 -742 
3949 1364 -11444 11048 -1442 -1318 234 208 -120 -742 
3957 1668 -11620 10808 -1538 -1161 411 208 -120 -742 
3965 1468 -11648 10716 -1623 -1113 586 208 -120 -742 
3974 1108 -11752 10688 -1592 -1066 697 208 -120 -742 
3982 1396 -11764 10572 -1545 -1030 832 208 -120 -742 
3990 580 -11684 10828 -1550 -1029 803 208 -120 -742 
3997 184 -11572 10900 -1433 -1537 616 208 -120 -742 
4005 612 -11632 10652 -1557 -1746 686 208 -120 -742 
4014 928 -11812 10760 -1544 -1917 691 208 -120 -742 
4022 1248 -11596 10976 -1665 -1944 732 208 -120 -742 
4030 1388 -11628 11104 -1901 -1746 813 208 -120 -742 
4038 1476 -11524 11112 -2086 -1485 799 208 -120 -742 
4046 1132 -11652 11120 -2336 -1390 848 208 -120 -742 
4054 1336 -11560 11088 -2546 -1224 775 208 -120 -742 
4062 1496 -11452 11100 -2783 -852 750 208 -120 -742 
4070 1456 -11504 11000 -3109 -509 679 208 -120 -742 
4078 1612 -11668 10768 -3413 -25 560 208 -120 -742 
4086 1840 -11680 10608 -3640 536 395 208 -120 -742 
4094 1700 -11804 10608 -3907 1120 399 208 -120 -742 
4102 1224 -12256 10612 -3970 1406 406 208 -120 -742 
4110 1224 -11868 10156 -3978 1597 453 208 -120 -742 
4118 1408 -12396 9748 -4021 1609 523 208 -120 -742 
4126 1188 -12632 9536 -3919 1572 637 208 -120 -742 
4134 1076 -12764 9196 -3661 1427 700 208 -120 -742 
4143 436 -12664 9160 -3472 1208 804 208 -120 -742 
4150 -96 -12772 9388 -3251 531 874 208 -120 -742 
4158 -168 -12660 9340 -3066 -202 872 208 -120 -742 
4166 312 -11964 9004 -3140 -661 773 208 -120 -742 
4174 396 -13380 9580 -2800 -1096 806 208 -120 -742 
4182 740 -12128 9096 -2880 -1316 792 208 -120 -742 
4190 1100 -12980 9276 -2824 -1328 854 208 -120 -742 
4198 1372 -12672 9224 -2698 -1186 907 208 -120 -742 
4206 1632 -12828 9328 -2668 -805 979 208 -120 -742 
4214 1696 -12844 9540 -2499 -401 1027 208 -120 -742 
4221 1552 -12492 9368 -2561 27 1037 208 -120 -742 
4230 1164 -12644 9572 -2640 303 1119 208 -120 -742 
4238 1028 -12740 9492 -2692 466 1047 208 -120 -742 
4246 960 -12804 9312 -2689 618 1050 208 -120 -742 
4254 716 -12832 9308 -2662 646 999 208 -120 -742 
4261 728 -12876 9100 -2594 724 889 208 -120 -742 
4270 608 -12944 9172 -2614 671 902 208 -120 -742 
4278 604 -12844 9184 -2585 642 888 208 -120 -742 
4286 372 -13004 9056 -2554 687 790 208 -120 -742 
4293 664 -12984 9076 -2565 759 710 208 -120 -742 
4301 592 -12956 9136 -2505 758 718 208 -120 -742 
4310 996 -12820 9372 -2589 887 691 208 -120 -742 
4317 772 -13180 9056 -2548 1126 679 208 -120 -742 
4325 520 -12932 9184 -2597 1091 612 208 -120 -742 
4333 480 -13008 9112 -2761 1027 694 208 -120 -742 
4341 452 -13176 8948 -2767 1012 676 208 -120 -742 
4349 252 -12968 8896 -2886 785 682 208 -120 -742 
4357 100 -13036 9128 -3160 494 771 208 -120 -742 
4365 384 -13064 9252 -3410 242 746 208 -120 -742 
4373 676 -12880 9380 -3639 293 799 208 -120 -742 
4380 696 -12840 9316 -3920 463 779 208 -120 -742 
4388 1012 -12900 9072 -4119 851 704 208 -120 -742 
4397 580 -12884 9088 -4215 1089 574 208 -120 -742 
4405 356 -12968 8996 -4542 1243 496 208 -120 -742 
4413 64 -13436 8632 -4600 1228 440 208 -120 -742 
4420 60 -13436 8420 -4731 1141 342 208 -120 -742 
4428 208 -13460 8116 -4823 980 387 208 -120 -742 
4436 -80 -13696 7620 -4811 811 471 208 -120 -742 
4444 -284 -13732 7676 -4857 510 483 208 -120 -742 
4452 -388 -13828 7464 -4821 202 514 208 -120 -742 
4460 -100 -14048 7572 -4724 -112 569 208 -120 -742 
4468 196 -13980 7516 -4673 -204 499 208 -120 -742 
4475 48 -14164 7400 -4416 -379 370 208 -120 -742 
4484 392 -14068 7256 -4230 -437 321 208 -120 -742 
4492 620 -14004 7364 -4063 -308 286 208 -120 -742 
4500 480 -14392 6860 -3810 -249 345 208 -120 -742 
4507 -124 -14660 6468 -3448 -567 176 208 -120 -742 
4515 -512 -14136 6536 -3017 -974 183 208 -120 -742 
4524 -532 -14656 6544 -2599 -1784 145 208 -120 -742 
4532 -224 -14484 6760 -2283 -2342 9 208 -120 -742 
4539 564 -14324 6988 -2179 -2546 26 208 -120 -742 
4547 1280 -13684 6608 -2199 -2114 153 208 -120 -742 
4555 1332 -14468 7244 -1910 -1740 310 208 -120 -742 
4563 1224 -14088 7312 -1796 -1289 288 208 -120 -742 
4571 1024 -14156 7472 -1622 -758 291 208 -120 -742 
4579 748 -14204 7492 -1517 -548 274 208 -120 -742 
4587 596 -14200 7348 -1417 -515 329 208 -120 -742 
4595 724 -14156 7340 -1384 -413 437 208 -120 -742 
4603 716 -14040 7424 -1444 -383 556 208 -120 -742 
4611 584 -13948 7424 -1549 -360 651 208 -120 -742 
4619 496 -14232 7460 -1495 -311 740 208 -120 -742 
4627 212 -14020 7480 -1607 -497 758 208 -120 -742 
4634 -72 -13844 7776 -1857 -716 716 208 -120 -742 
4642 -292 -13784 7928 -2292 -1008 701 208 -120 -742 
4651 -292 -13612 8212 -2883 -1421 603 208 -120 -742 
4659 -440 -13376 8216 -3572 -1831 679 208 -120 -742 
4667 24 -14000 8080 -4198 -2168 470 208 -120 -742 
4674 348 -13728 7708 -4810 -2392 420 208 -120 -742 
4682 892 -13764 7616 -5485 -2301 428 208 -120 -742 
4690 704 -14468 7164 -5850 -2294 433 208 -120 -742 
4699 856 -13756 6332 -6228 -2174 373 208 -120 -742 
4706 500 -15400 6804 -6377 -2067 317 208 -120 -742 
4714 1132 -14864 6332 -6006 -1594 229 208 -120 -742 
4722 2032 -14844 5672 -5530 -710 -18 208 -120 -742 
4730 1576 -15300 5712 -4750 -5 -52 208 -120 -742 
4738 1548 -15128 5380 -4145 820 -186 208 -120 -742 
4746 848 -15212 5100 -3477 1246 -71 208 -120 -742 
4754 492 -15560 5064 -2698 1378 -9 208 -120 -742 
4762 244 -15728 4760 -2115 1361 -106 208 -120 -742 
4769 116 -16040 4788 -1525 1259 -237 208 -120 -742 
4777 -324 -15648 5108 -885 901 -341 208 -120 -742 
4786 -380 -15052 4836 -648 586 -427 208 -120 -742 
4794 -292 -15452 5240 -450 163 -605 208 -120 -742 
4801 64 -15312 5384 -166 10 -555 208 -120 -742 
4809 -84 -15512 5484 127 -79 -524 208 -120 -742 
4817 -80 -15212 5108 424 -94 -473 208 -120 -742 
4825 -144 -15136 5804 922 -101 -330 208 -120 -742 
4833 -400 -14420 6096 1089 -173 -239 208 -120 -742 
4841 -364 -14740 6572 1194 -207 -280 208 -120 -742 
4848 -148 -14276 6800 1138 -73 -520 208 -120 -742 
4856 340 -14112 6964 747 118 -619 208 -120 -742 
4865 200 -14192 7160 309 256 -834 208 -120 -742 
4872 148 -14180 7280 -138 407 -1009 208 -120 -742 
4880 204 -14112 7304 -530 492 -1190 208 -120 -742 
4888 416 -14152 7040 -995 496 -1321 208 -120 -742 
4896 520 -14320 6892 -1462 629 -1423 208 -120 -742 
4903 716 -14192 6556 -2560 564 -1245 208 -120 -742 
4912 548 -14128 6428 -3523 483 -837 208 -120 -742 
4920 940 -15060 6012 -4216 556 -765 208 -120 -742 
4928 744 -14908 5416 -4194 561 -721 208 -120 -742 
4935 688 -14736 4948 -4353 410 -679 208 -120 -742 
4943 788 -15244 4824 -4274 185 -743 208 -120 -742 
4952 736 -15452 4648 -4016 -162 -751 208 -120 -742 
4960 872 -15504 4892 -3805 -452 -748 208 -120 -742 
4967 624 -15276 5176 -3564 -571 -623 208 -120 -742 
4975 468 -15568 5176 -3121 -712 -668 208 -120 -742 
4983 184 -15296 5396 -2590 -1095 -658 208 -120 -742 
4992 480 -15172 5372 -2298 -1461 -732 208 -120 -742 
4999 928 -15112 5336 -2193 -1528 -700 208 -120 -742 
5007 1144 -14996 5212 -2034 -1259 -640 208 -120 -742 
5015 1148 -15204 5128 -1811 -965 -547 208 -120 -742 
5023 1020 -15352 5252 -1512 -812 -561 208 -120 -742 
5031 644 -15084 5436 -1366 -884 -498 208 -120 -742 
5039 868 -14960 5524 -1417 -932 -456 208 -120 -742 
5047 984 -15080 5308 -1493 -783 -437 208 -120 -742 
5055 1296 -15052 5204 -1481 -567 -440 208 -120 -742 
5063 1224 -15228 5148 -1278 -315 -220 208 -120 -742 
5071 1036 -15360 5276 -1104 -101 -243 208 -120 -742 
5079 860 -15336 5280 -867 126 -179 208 -120 -742 
5087 724 -15312 5140 -628 228 -152 208 -120 -742 
5095 580 -15324 5056 -535 214 -186 208 -120 -742 
5102 532 -15152 5040 -520 129 -249 208 -120 -742 
5110 528 -15248 5016 -508 125 -298 208 -120 -742 
5118 204 -15176 5112 -495 -127 -341 208 -120 -742 
5126 -52 -14816 5332 -766 -562 -503 208 -120 -742 
5134 -128 -14700 5632 -1227 -1099 -655 208 -120 -742 
5142 304 -14532 5588 -1635 -1442 -784 208 -120 -742 
5150 720 -14920 5472 -1925 -1430 -813 208 -120 -742 
5157 744 -14972 5372 -2264 -1403 -819 208 -120 -742 
5166 864 -14772 5092 -2513 -1247 -808 208 -120 -742 
5174 1072 -15604 5168 -2472 -1008 -829 208 -120 -742 
5182 1268 -15088 4744 -2289 -621 -858 208 -120 -742 
5190 1220 -15512 4768 -2018 -251 -841 208 -120 -742 
5197 1044 -15684 4716 -1577 -24 -957 208 -120 -742 
5206 1012 -15508 4536 -1228 131 -1021 208 -120 -742 
5214 1604 -14416 4368 -1179 245 -1081 208 -120 -742 
5222 396 -16288 5820 -1308 -144 -1134 208 -120 -742 
5230 224 -15204 4856 -1362 -338 -1214 208 -120 -742 
5237 1336 -14352 5480 -1956 3 -1243 208 -120 -742 
5245 1792 -15636 6192 -2106 287 -1769 208 -120 -742 
5254 1500 -14744 4596 -2128 1195 -1627 208 -120 -742 
5262 1796 -15608 4364 -2320 1568 -1798 208 -120 -742 
5270 1640 -15652 3884 -2158 1888 -1726 208 -120 -742 
5278 908 -15524 3548 -2009 2200 -1170 208 -120 -742 
5285 1916 -15376 3264 -2050 2619 -1096 208 -120 -742 
5294 972 -16260 3512 -1642 2209 -845 208 -120 -742 
5302 1108 -16172 3176 -1115 1871 -935 208 -120 -742 
5310 1260 -16052 3024 -514 1778 -678 208 -120 -742 
5318 960 -16072 3124 -18 1445 -639 208 -120 -742 
5325 1152 -16052 3568 540 1150 -557 208 -120 -742 
5334 964 -15628 3916 811 654 -570 208 -120 -742 
5342 896 -15556 4436 956 244 -686 208 -120 -742 
5350 1256 -15204 4588 980 29 -780 208 -120 -742 
5357 1324 -15256 4704 927 91 -838 208 -120 -742 
5365 1676 -15424 4628 882 259 -839 208 -120 -742 
5373 1684 -15172 4624 829 469 -835 208 -120 -742 
5381 1292 -15148 4736 735 516 -805 208 -120 -742 
5389 1428 -15020 5000 565 582 -765 208 -120 -742 
5397 1168 -15188 5140 388 521 -720 208 -120 -742 
5405 1144 -14972 5080 166 312 -736 208 -120 -742 
5412 1148 -15060 5120 -93 182 -654 208 -120 -742 
5421 1212 -15176 4888 -215 121 -667 208 -120 -742 
5429 1452 -15112 4824 -340 121 -595 208 -120 -742 
5436 1396 -15180 4844 -471 27 -487 208 -120 -742 
5444 1368 -15308 4764 -653 -47 -346 208 -120 -742 
5452 1468 -15072 4508 -868 -65 18 208 -120 -742 
5459 1556 -15156 4524 -1257 -47 399 208 -120 -742 
5468 1708 -15288 4580 -1433 -7 579 208 -120 -742 
5476 1644 -15312 4424 -1421 -90 644 208 -120 -742 
5484 1508 -15280 4552 -1333 -284 593 208 -120 -742 
5491 1616 -15324 4304 -1312 -320 576 208 -120 -742 
5499 1816 -15512 4116 -1269 -226 676 208 -120 -742 
5508 1740 -15396 4012 -1227 -129 914 208 -120 -742 
5516 1756 -15492 4000 -1211 -36 1118 208 -120 -742 
5524 1784 -15816 4152 -1018 81 1262 208 -120 -742 
5531 1624 -15628 4104 -661 193 1250 208 -120 -742 
5539 1224 -15864 4200 -214 214 1209 208 -120 -742 
5548 1088 -15720 4044 129 147 1158 208 -120 -742 
5556 916 -15492 4088 186 53 1168 208 -120 -742 
5563 780 -15528 3964 192 -147 1060 208 -120 -742 
5571 796 -15584 4300 258 -305 1024 208 -120 -742 
5579 384 -15304 4596 202 -476 968 208 -120 -742 
5586 620 -15324 4540 84 -658 754 208 -120 -742 
5595 836 -14988 4712 -80 -660 586 208 -120 -742 
5603 900 -15260 4716 -210 -474 446 208 -120 -742 
5610 816 -15316 4792 -393 -459 227 208 -120 -742 
5618 952 -15204 4516 -562 -303 141 208 -120 -742 
5626 1100 -15408 4420 -627 -94 -8 208 -120 -742 
5634 1068 -15356 4460 -684 76 -96 208 -120 -742 
5642 836 -15240 4320 -789 98 -128 208 -120 -742 
5650 684 -15484 4276 -769 103 -236 208 -120 -742 
5657 696 -15568 4376 -798 -13 -301 208 -120 -742 
5665 760 -15196 4364 -897 -174 -371 208 -120 -742 
5673 880 -15568 4256 -880 -146 -409 208 -120 -742 
5681 944 -14884 3984 -1670 -301 -262 208 -120 -742 
5689 1188 -14784 4008 -2454 -483 114 208 -120 -742 
5697 1244 -14552 3440 -3213 -402 95 208 -120 -742 
5705 1212 -15840 3500 -3306 -474 137 208 -120 -742 
5712 1116 -15096 3704 -3105 -400 236 208 -120 -742 
5721 944 -16024 4012 -3232 -695 -62 208 -120 -742 
5729 1012 -15876 4044 -3076 -802 -219 208 -120 -742 
5737 1564 -15224 3720 -3027 -552 -133 208 -120 -742 
5745 1652 -15872 3644 -2656 -301 -70 208 -120 -742 
5752 620 -15508 3360 -2272 -231 -14 208 -120 -742 
5761 1192 -15596 3552 -1932 -154 -24 208 -120 -742 
5769 1056 -15800 3016 -1636 -246 -8 208 -120 -742 
5776 1096 -15872 3132 -1230 -421 -35 208 -120 -742 
5784 1192 -15936 3208 -784 -402 -20 208 -120 -742 
5792 1156 -15848 3508 -505 -381 -5 208 -120 -742 
5800 660 -15388 3896 -535 -611 -26 208 -120 -742 
5808 596 -14936 4008 -1081 -1001 -197 208 -120 -742 
5816 1096 -14824 3828 -1781 -1172 -268 208 -120 -742 
5824 1512 -15256 3896 -2399 -1103 -297 208 -120 -742 
5832 1164 -15556 3560 -2829 -842 -96 208 -120 -742 
5839 460 -15100 3316 -3321 -754 38 208 -120 -742 
5848 688 -15748 3484 -3570 -908 3 208 -120 -742 
5856 1520 -16780 3372 -3229 -860 -155 208 -120 -742 
5863 1208 -15432 3236 -2703 -662 -288 208 -120 -742 
5871 1280 -17072 3208 -1886 -463 -515 208 -120 -742 
5879 1128 -16404 3336 -1049 -482 -618 208 -120 -742 
5888 648 -16112 3148 -606 -517 -673 208 -120 -742 
5896 1160 -15612 4128 -377 -338 -684 208 -120 -742 
5903 1484 -14968 3296 -618 -108 -776 208 -120 -742 
5911 1684 -16256 3692 -756 205 -759 208 -120 -742 
5919 1936 -15648 3604 -584 742 -916 208 -120 -742 
5926 2128 -15472 2772 -831 1455 -814 208 -120 -742 
5935 1308 -16408 2572 -547 1602 -773 208 -120 -742 
5943 1168 -15504 2260 -456 1424 -765 208 -120 -742 
5951 804 -16328 2572 -138 1165 -673 208 -120 -742 
5959 988 -15996 2632 160 720 -635 208 -120 -742 
5966 1172 -16084 2612 340 405 -560 208 -120 -742 
5975 1108 -15888 2640 507 222 -429 208 -120 -742 
5983 992 -16064 2872 705 -82 -408 208 -120 -742 
5990 1280 -15876 2948 792 -334 -274 208 -120 -742 
5998 1368 -15732 3040 860 -376 -267 208 -120 -742 
6006 1508 -15580 3320 810 -340 -254 208 -120 -742 
6014 1576 -15420 3596 680 -254 -123 208 -120 -742 
6022 1696 -15364 3828 417 -129 -43 208 -120 -742 
6030 1824 -15432 3744 327 52 34 208 -120 -742 
6038 1708 -15540 3620 167 255 77 208 -120 -742 
6045 1276 -15404 3632 31 302 176 208 -120 -742 
6053 940 -15484 3624 -193 118 180 208 -120 -742 
6062 1148 -15624 3424 -302 14 145 208 -120 -742 
6069 1228 -15664 3288 -376 1 132 208 -120 -742 
6077 1260 -15688 3084 -306 -87 159 208 -120 -742 
6085 1152 -15708 3012 -278 -118 171 208 -120 -742 
6092 1136 -15976 3036 -190 -198 142 208 -120 -742 
6100 1252 -15772 2808 -146 -205 104 208 -120 -742 
6109 1280 -15820 3000 -48 -149 134 208 -120 -742 
6116 1268 -15880 3104 33 -153 77 208 -120 -742 
6124 1272 -15856 3108 83 -140 35 208 -120 -742 
6132 1224 -15752 3164 117 -74 2 208 -120 -742 
6139 1100 -15752 3248 133 -131 -4 208 -120 -742 
6148 1172 -15776 3156 115 -110 -84 208 -120 -742 
6156 1152 -15636 3160 145 -104 -161 208 -120 -742 
6163 1104 -15608 3312 120 -95 -209 208 -120 -742 
6171 1284 -15684 3320 95 -25 -256 208 -120 -742 
6179 1200 -15728 3284 117 36 -300 208 -120 -742 
6187 1160 -15736 3208 68 14 -263 208 -120 -742 
6195 1164 -15748 3252 98 13 -346 208 -120 -742 
