10532 l 0 123 133 143 131
10564 l 3 124 135 145 131
10624 l 6 124 133 147 132
10683 l 9 124 135 150 133
10742 l 12 130 138 152 136
10802 l 15 132 141 153 139
10860 l 18 132 144 155 144
10919 l 21 140 145 158 147
10979 l 24 140 145 163 147
11038 l 27 140 151 170 148
11097 l 30 146 156 173 156
11156 l 33 154 160 177 163
11215 l 36 159 163 185 165
11275 l 39 163 174 195 174
11333 l 42 167 181 199 183
11393 l 45 177 187 203 193
11452 l 48 180 185 201 199
11510 l 51 180 187 195 203
11570 l 54 179 190 186 200
11629 l 57 168 185 181 193
11688 l 60 161 175 166 186
11747 l 63 153 166 159 179
11806 l 66 150 159 157 170
11866 l 69 145 156 149 164
11925 l 72 140 151 146 162
11984 l 75 136 148 142 156
12043 l 78 131 148 139 154
12102 l 81 130 146 141 151
12162 l 84 130 145 138 148
12220 l 87 127 143 133 139
12279 l 90 126 138 131 135
12339 l 93 119 139 132 139
12397 l 96 124 138 135 138
12456 l 99 127 140 138 141
12516 l 102 128 141 138 149
12575 l 105 130 144 143 149
12635 l 108 132 144 141 151
12693 l 111 131 151 145 155
12752 l 114 139 148 144 157
12812 l 117 142 155 153 163
12871 l 120 146 161 152 165
12930 l 123 151 165 158 173
12989 l 126 160 171 168 181
13048 l 129 165 174 174 190
13108 l 132 175 180 180 191
13166 l 135 178 188 186 200
13225 l 138 181 189 190 203
13285 l 141 181 187 192 208
13344 l 144 188 183 185 206
13403 l 147 184 180 179 199
13462 l 150 179 167 172 192
13521 l 153 171 158 161 182
13581 l 156 160 150 156 176
13639 l 159 160 146 151 172
13699 l 162 154 142 146 169
13758 l 165 150 138 142 163
13816 l 168 150 139 141 161
13876 l 171 141 134 138 159
13935 l 174 141 133 136 156
13995 l 177 140 131 134 152
14554 l 180 132 126 129 145
14585 l 177 133 127 130 143
14645 l 174 135 130 131 147
14704 l 171 135 133 134 150
14763 l 168 139 131 137 156
14822 l 165 145 133 140 154
14881 l 162 144 135 139 158
14941 l 159 143 140 143 160
14999 l 156 150 141 149 166
15058 l 153 151 143 152 170
15118 l 150 160 146 158 179
15177 l 147 161 152 164 183
15237 l 144 170 155 170 190
15295 l 141 174 167 179 199
15354 l 138 183 173 188 204
15414 l 135 185 181 190 206
15472 l 132 182 188 189 205
15532 l 129 183 190 186 202
15591 l 126 174 187 180 193
15650 l 123 167 183 171 185
15710 l 120 157 171 162 177
15768 l 117 153 166 154 176
15827 l 114 146 155 152 169
15887 l 111 143 157 147 161
15945 l 108 141 155 146 161
16005 l 105 140 149 151 155
16064 l 102 134 151 141 151
16123 l 99 133 143 139 152
16183 l 96 133 143 140 150
16241 l 93 129 142 134 140
16301 l 90 128 138 135 138
16360 l 87 124 141 126 138
16419 l 84 122 136 132 138
16478 l 81 125 138 134 140
16537 l 78 124 140 139 146
16596 l 75 130 144 135 149
16656 l 72 132 144 139 152
16715 l 69 136 145 145 156
16775 l 66 134 149 146 159
16834 l 63 141 154 149 165
16893 l 60 143 160 156 169
16953 l 57 146 161 163 177
17011 l 54 155 170 170 189
17072 l 51 163 175 179 194
17131 l 48 168 181 186 202
17190 l 45 174 190 197 201
17249 l 42 179 187 202 202
17308 l 39 177 189 201 194
17369 l 36 173 182 202 185
17428 l 33 172 179 192 180
17486 l 30 164 173 185 171
17546 l 27 156 165 178 159
17605 l 24 154 160 172 156
17666 l 21 146 152 166 152
17724 l 18 142 150 163 145
17783 l 15 139 148 161 144
17843 l 12 135 145 158 144
17902 l 9 135 141 156 142
17961 l 6 133 139 151 139
18021 l 3 128 140 149 134
18580 l 0 126 130 143 129
18612 l 3 122 130 144 128
18666 l 6 123 134 150 130
18725 l 9 128 135 151 131
18785 l 12 134 139 153 137
18843 l 15 134 141 155 138
18903 l 18 134 142 157 143
18962 l 21 136 147 161 143
19021 l 24 139 149 165 147
19081 l 27 142 152 172 148
19139 l 30 145 155 172 154
19198 l 33 148 162 178 157
19258 l 36 155 165 189 166
19317 l 39 162 171 196 174
19376 l 42 164 180 200 180
19435 l 45 172 182 201 191
19494 l 48 179 188 199 198
19554 l 51 176 190 194 202
19613 l 54 176 191 186 201
19672 l 57 171 181 177 197
19731 l 60 162 181 172 192
19790 l 63 156 174 162 183
19850 l 66 149 164 157 173
19908 l 69 144 156 151 168
19968 l 72 134 152 145 162
20027 l 75 132 149 143 156
20085 l 78 131 145 138 152
20145 l 81 135 146 138 153
20204 l 84 129 143 141 149
20263 l 87 130 142 134 144
20322 l 90 123 138 128 137
20381 l 93 126 137 131 138
20441 l 96 122 135 134 136
20500 l 99 125 140 136 139
20559 l 102 131 141 140 147
20618 l 105 128 145 142 150
20677 l 108 134 145 142 151
20737 l 111 133 146 143 155
20795 l 114 137 150 144 154
20854 l 117 141 154 152 162
20914 l 120 143 152 155 164
20972 l 123 150 163 156 171
21031 l 126 153 165 165 175
21091 l 129 165 175 170 185
21150 l 132 171 186 182 191
21210 l 135 180 188 187 198
21269 l 138 182 190 189 204
21327 l 141 189 184 192 206
21387 l 144 186 184 187 205
21446 l 147 185 178 178 204
21505 l 150 177 161 167 191
21564 l 153 171 160 164 185
21623 l 156 162 153 157 183
21683 l 159 160 148 152 175
21741 l 162 151 140 144 168
21800 l 165 150 142 145 163
21860 l 168 147 140 140 159
21919 l 171 143 136 139 161
21979 l 174 144 133 135 155
22037 l 177 142 134 132 152
22596 l 180 133 127 129 146
22628 l 177 136 129 132 147
22687 l 174 136 128 131 147
22747 l 171 137 130 136 152
22806 l 168 141 134 140 155
22865 l 165 142 131 137 157
22925 l 162 140 134 138 157
22983 l 159 143 137 141 156
23043 l 156 146 140 148 163
23102 l 153 154 144 152 169
23160 l 150 159 145 157 177
23220 l 147 159 153 163 179
23279 l 144 168 158 171 184
23339 l 141 177 168 183 196
23398 l 138 185 176 186 201
23456 l 135 185 184 189 208
23516 l 132 185 187 189 208
23575 l 129 181 190 185 205
23633 l 126 174 186 178 197
23693 l 123 167 180 170 188
23752 l 120 162 174 166 182
23812 l 117 156 168 154 176
23871 l 114 147 161 149 170
23929 l 111 146 159 151 165
23989 l 108 140 154 145 158
24048 l 105 137 153 141 156
24108 l 102 132 146 142 153
24166 l 99 130 146 141 153
24225 l 96 127 142 141 150
24285 l 93 130 140 133 146
24343 l 90 129 141 132 137
24402 l 87 127 138 132 138
24462 l 84 125 139 133 135
24521 l 81 124 142 133 140
24581 l 78 127 145 137 146
24639 l 75 128 143 139 149
24698 l 72 132 142 143 149
24758 l 69 128 145 141 154
24817 l 66 133 148 146 160
24877 l 63 137 151 149 159
24935 l 60 141 158 156 168
24994 l 57 151 160 162 175
25054 l 54 154 171 168 181
25113 l 51 163 178 175 187
25171 l 48 171 183 186 197
25231 l 45 172 187 196 198
25290 l 42 179 191 202 194
25349 l 39 177 189 202 196
25408 l 36 174 188 199 189
25467 l 33 169 177 194 175
25527 l 30 160 170 184 172
25585 l 27 155 166 177 165
25645 l 24 154 153 172 156
25704 l 21 147 157 168 150
25763 l 18 142 151 166 148
25823 l 15 138 147 159 147
25881 l 12 137 144 155 143
25940 l 9 137 142 155 141
26000 l 6 132 144 151 136
26059 l 3 133 138 152 138
26618 l 0 129 130 146 129
26649 l 3 127 134 144 127
26710 l 6 126 134 147 129
26769 l 9 130 135 152 136
26827 l 12 132 140 152 139
26887 l 15 133 142 154 137
26946 l 18 135 143 159 140
27005 l 21 136 145 161 142
27064 l 24 140 149 164 148
27123 l 27 144 150 172 147
27183 l 30 145 153 174 154
27242 l 33 150 156 178 162
27301 l 36 156 166 189 168
27360 l 39 160 176 192 177
27419 l 42 169 179 200 187
27479 l 45 176 184 205 194
27538 l 48 174 191 199 197
27596 l 51 179 187 196 200
27656 l 54 176 188 188 196
27715 l 57 174 183 179 191
27773 l 60 167 180 168 187
27833 l 63 156 172 163 179
27892 l 66 148 163 153 168
27952 l 69 141 156 152 163
28010 l 72 136 151 145 158
28069 l 75 132 152 145 154
28129 l 78 130 146 136 153
28188 l 81 130 145 140 153
28248 l 84 131 142 134 145
28306 l 87 125 144 136 139
28365 l 90 125 138 133 136
28425 l 93 126 138 128 138
28484 l 96 124 140 132 138
28542 l 99 130 138 136 144
28602 l 102 130 141 139 148
28661 l 105 131 143 142 153
28721 l 108 132 148 145 156
28779 l 111 135 149 143 155
28838 l 114 139 150 143 162
28898 l 117 137 156 149 165
28956 l 120 146 159 153 166
29016 l 123 148 164 158 177
29075 l 126 154 169 165 177
29134 l 129 159 178 173 183
29194 l 132 171 184 180 192
29253 l 135 178 186 186 202
29312 l 138 184 191 191 204
29371 l 141 187 188 188 204
29430 l 144 185 184 185 204
29490 l 147 180 175 174 194
29549 l 150 173 164 169 194
29608 l 153 171 159 166 183
29668 l 156 159 154 157 176
29727 l 159 155 150 152 170
29787 l 162 156 142 148 168
29846 l 165 146 142 144 162
29905 l 168 147 138 142 156
29965 l 171 144 135 136 157
30024 l 174 139 131 136 153
30084 l 177 139 131 134 151
30643 l 180 132 126 129 147
30674 l 177 133 124 130 146
30731 l 174 134 128 132 144
30790 l 171 139 130 132 145
30850 l 168 144 135 141 153
30909 l 165 142 134 139 154
30968 l 162 142 135 141 159
31027 l 159 147 139 145 163
31086 l 156 148 138 148 162
31145 l 153 153 142 153 169
31205 l 150 158 150 153 172
31263 l 147 162 154 162 173
31323 l 144 166 160 168 183
31382 l 141 174 165 181 189
31441 l 138 180 177 188 199
31500 l 135 185 180 188 204
31559 l 132 185 186 188 204
31619 l 129 180 186 185 207
31678 l 126 181 186 177 199
31737 l 123 172 182 170 192
31796 l 120 165 175 165 186
31855 l 117 155 173 158 178
31915 l 114 148 163 155 171
31973 l 111 142 159 149 168
32032 l 108 139 152 145 159
32092 l 105 138 150 142 157
32151 l 102 133 146 142 153
32210 l 99 133 147 143 152
32269 l 96 131 141 142 152
32328 l 93 132 144 139 148
32388 l 90 124 142 132 145
32447 l 87 125 137 128 138
32506 l 84 123 137 131 138
32565 l 81 127 138 134 139
32624 l 78 126 139 138 142
32684 l 75 127 144 142 152
32743 l 72 128 145 140 148
32801 l 69 133 148 141 153
32861 l 66 134 146 146 155
32920 l 63 139 147 152 159
32979 l 60 140 156 154 169
33038 l 57 150 161 161 169
33097 l 54 152 163 169 177
33157 l 51 157 174 176 187
33216 l 48 165 183 186 192
33274 l 45 174 188 195 195
33334 l 42 178 191 203 200
33393 l 39 178 187 202 197
33452 l 36 172 187 196 187
33511 l 33 168 175 192 180
33570 l 30 163 169 186 175
33630 l 27 155 167 176 167
33689 l 24 152 161 173 160
33747 l 21 148 154 167 153
33807 l 18 144 150 161 150
33866 l 15 138 148 160 147
33926 l 12 139 147 156 142
33985 l 9 134 141 155 140
34043 l 6 134 141 152 139
34103 l 3 132 142 151 137
34662 l 0 125 133 141 132
34694 l 3 121 133 145 128
34753 l 6 127 135 148 130
34812 l 9 129 137 151 134
34872 l 12 132 143 154 139
34931 l 15 135 141 153 140
34990 l 18 134 145 153 141
35049 l 21 139 147 161 145
35108 l 24 138 151 163 147
35168 l 27 142 150 168 150
35226 l 30 147 157 174 155
35286 l 33 149 161 182 160
35345 l 36 155 168 188 165
35404 l 39 166 170 192 175
35463 l 42 168 181 197 180
35522 l 45 174 188 202 190
35581 l 48 182 192 198 199
35641 l 51 181 192 195 201
35699 l 54 173 188 187 196
35759 l 57 174 183 177 195
35818 l 60 164 179 167 191
35877 l 63 151 169 162 181
35937 l 66 144 160 157 170
35995 l 69 149 157 151 165
36055 l 72 138 154 144 163
36114 l 75 135 152 144 154
36173 l 78 132 147 142 155
36232 l 81 130 145 138 149
36291 l 84 131 143 134 147
36350 l 87 127 141 136 143
36410 l 90 123 139 130 137
36468 l 93 123 139 132 139
36528 l 96 125 136 133 138
36587 l 99 126 139 136 143
36645 l 102 128 140 140 145
36705 l 105 130 146 141 151
36764 l 108 133 146 140 151
36824 l 111 135 148 145 155
36883 l 114 137 150 149 160
36942 l 117 141 155 148 164
37001 l 120 144 154 155 164
37060 l 123 146 161 157 173
37120 l 126 155 167 163 178
37179 l 129 156 176 173 183
37237 l 132 170 187 180 193
37297 l 135 178 187 185 196
37356 l 138 182 190 189 205
37414 l 141 187 187 188 205
37474 l 144 183 183 186 206
37533 l 147 179 172 179 201
37593 l 150 176 164 172 192
37652 l 153 169 156 164 185
37711 l 156 161 155 159 180
37770 l 159 159 147 152 173
37829 l 162 151 144 148 165
37889 l 165 151 140 143 165
37947 l 168 142 139 142 160
38006 l 171 143 136 137 157
38066 l 174 145 136 134 154
38125 l 177 139 132 136 151
38684 l 180 133 127 127 146
38716 l 177 131 127 131 147
38775 l 174 135 130 134 147
38835 l 171 137 131 136 149
38894 l 168 141 135 139 154
38953 l 165 143 130 136 156
39012 l 162 143 135 139 158
39071 l 159 146 137 143 161
39131 l 156 148 137 147 165
39189 l 153 154 143 152 171
39248 l 150 156 148 158 176
39308 l 147 165 150 160 183
39367 l 144 173 160 169 190
39426 l 141 178 168 179 199
39485 l 138 184 174 187 206
39544 l 135 190 184 189 207
39604 l 132 186 186 189 208
39663 l 129 185 190 186 200
39723 l 126 175 189 180 195
39781 l 123 167 182 172 187
39840 l 120 164 177 166 177
39900 l 117 158 170 158 178
39958 l 114 152 164 154 166
40017 l 111 145 156 150 164
40077 l 108 141 156 143 162
40136 l 105 139 150 148 156
40196 l 102 135 150 141 150
40254 l 99 131 146 141 151
40313 l 96 130 143 140 147
40373 l 93 127 141 137 141
40432 l 90 125 140 133 139
40491 l 87 124 139 130 141
40550 l 84 123 139 131 136
40609 l 81 124 140 134 142
40669 l 78 126 143 139 145
40727 l 75 131 146 142 151
40786 l 72 131 144 140 151
40846 l 69 131 147 145 152
40905 l 66 135 151 146 154
40964 l 63 136 156 152 165
41023 l 60 141 156 154 170
41082 l 57 149 164 163 174
41142 l 54 154 169 169 183
41201 l 51 158 178 177 192
41260 l 48 171 181 187 196
41319 l 45 176 189 194 197
41378 l 42 183 192 202 196
41437 l 39 181 190 202 190
41496 l 36 177 189 200 186
41555 l 33 170 175 194 176
41615 l 30 163 173 186 171
41673 l 27 157 167 176 164
41733 l 24 149 159 173 153
41792 l 21 144 157 170 152
41851 l 18 143 151 163 145
41911 l 15 140 147 161 144
41969 l 12 136 144 155 142
42029 l 9 133 141 153 140
42088 l 6 133 140 152 138
42147 l 3 133 141 146 136
42706 l 0 126 137 144 128
42737 l 3 124 133 146 127
42798 l 6 126 135 144 128
42857 l 9 128 134 152 131
42916 l 12 131 136 154 135
42976 l 15 136 144 154 140
43034 l 18 135 143 159 140
43094 l 21 137 144 163 142
43153 l 24 138 149 161 147
43212 l 27 144 152 169 150
43271 l 30 150 154 171 154
43330 l 33 148 160 178 157
43389 l 36 156 166 187 160
43449 l 39 163 173 196 169
43508 l 42 167 183 199 179
43567 l 45 178 182 198 187
43626 l 48 179 188 199 193
43685 l 51 180 194 193 198
43745 l 54 177 190 187 198
43803 l 57 171 183 179 197
43863 l 60 164 178 169 192
43922 l 63 154 172 164 184
43981 l 66 148 166 156 175
44040 l 69 144 158 151 168
44099 l 72 140 153 145 163
44158 l 75 134 145 145 160
44218 l 78 135 148 139 153
44276 l 81 130 145 138 153
44336 l 84 131 144 141 150
44395 l 87 125 143 134 145
44454 l 90 122 138 133 137
44513 l 93 121 136 129 140
44572 l 96 122 140 130 139
44632 l 99 127 137 134 141
44691 l 102 130 142 140 145
44749 l 105 132 143 142 148
44809 l 108 133 145 141 153
44868 l 111 135 144 143 156
44928 l 114 139 148 148 158
44987 l 117 138 152 146 161
45046 l 120 144 157 153 164
45105 l 123 149 161 157 168
45164 l 126 154 166 165 176
45223 l 129 161 178 171 180
45283 l 132 168 186 178 188
45341 l 135 176 187 185 194
45401 l 138 186 189 188 201
45460 l 141 187 187 190 206
45518 l 144 189 181 182 211
45578 l 147 184 172 178 201
45637 l 150 179 165 170 195
45697 l 153 172 159 159 186
45756 l 156 161 150 156 176
45814 l 159 156 147 150 172
45874 l 162 155 143 148 168
45933 l 165 150 142 141 164
45992 l 168 145 140 139 161
46052 l 171 145 134 137 158
46110 l 174 145 134 135 152
46170 l 177 141 132 132 153
46729 l 180 136 127 127 144
46760 l 177 133 130 131 144
46820 l 174 136 127 134 149
46879 l 171 138 131 132 151
46939 l 168 140 133 136 152
46998 l 165 142 133 141 154
47056 l 162 142 135 140 157
47116 l 159 145 138 140 160
47175 l 156 152 140 148 164
47235 l 153 157 144 151 168
47294 l 150 160 145 158 176
47352 l 147 165 152 164 180
47412 l 144 173 161 171 184
47471 l 141 179 171 181 196
47531 l 138 183 178 187 202
47589 l 135 186 186 189 205
47648 l 132 185 189 190 204
47708 l 129 180 190 183 200
47767 l 126 176 190 179 197
47825 l 123 169 183 170 189
47885 l 120 161 175 164 182
47944 l 117 156 170 155 176
48004 l 114 150 163 151 169
48063 l 111 144 161 151 165
48121 l 108 140 152 144 162
48181 l 105 135 151 143 155
48240 l 102 134 149 141 155
48299 l 99 133 147 143 154
48358 l 96 132 144 142 152
48417 l 93 130 145 136 145
48477 l 90 128 135 132 143
48535 l 87 123 138 129 135
48594 l 84 122 141 132 140
48654 l 81 124 143 132 139
48713 l 78 128 142 140 145
48773 l 75 130 145 138 149
48831 l 72 134 145 141 150
48890 l 69 134 145 145 152
48950 l 66 137 148 146 156
49009 l 63 137 153 151 160
49069 l 60 140 158 155 168
49127 l 57 146 159 157 173
49186 l 54 153 169 165 177
49246 l 51 165 176 177 192
49305 l 48 170 185 186 194
49364 l 45 175 187 195 196
49423 l 42 180 189 199 199
49482 l 39 176 190 203 192
49542 l 36 179 186 202 191
49601 l 33 169 182 195 181
49659 l 30 161 173 186 174
49719 l 27 157 167 178 165
49778 l 24 152 157 170 154
49838 l 21 144 153 166 155
49896 l 18 143 150 161 146
49955 l 15 138 149 160 143
50015 l 12 136 146 158 143
50074 l 9 135 142 153 142
50132 l 6 132 141 153 139
50192 l 3 132 138 151 137
50751 l 0 123 132 143 129
50783 l 3 127 132 146 130
50842 l 6 126 134 147 130
50902 l 9 127 134 151 133
50961 l 12 132 137 151 137
51020 l 15 135 139 155 145
51080 l 18 136 142 157 142
51138 l 21 139 145 160 145
51197 l 24 143 147 163 146
51257 l 27 146 155 168 154
51316 l 30 150 155 173 155
51375 l 33 151 165 178 162
51434 l 36 158 167 186 170
51493 l 39 163 173 192 177
51553 l 42 168 179 200 187
51612 l 45 174 185 199 194
51671 l 48 179 190 200 198
51730 l 51 179 193 198 200
51789 l 54 174 191 182 196
51849 l 57 169 184 177 191
51907 l 60 165 176 169 185
51966 l 63 154 167 158 176
52026 l 66 149 160 157 172
52085 l 69 145 155 148 165
52144 l 72 138 152 149 158
52203 l 75 133 148 144 158
52262 l 78 134 149 141 150
52322 l 81 130 145 139 150
52380 l 84 130 144 137 147
52440 l 87 125 139 138 143
52499 l 90 127 139 129 138
52558 l 93 123 137 131 136
52618 l 96 124 139 130 137
52676 l 99 128 141 138 144
52736 l 102 130 142 140 151
52795 l 105 130 144 138 151
52854 l 108 133 145 145 153
52914 l 111 135 149 144 156
52972 l 114 140 149 145 160
53031 l 117 142 156 146 162
53091 l 120 146 158 152 169
53149 l 123 148 160 158 175
53209 l 126 155 170 166 182
53268 l 129 159 179 174 188
53327 l 132 172 181 178 191
53386 l 135 175 191 185 201
53445 l 138 183 189 188 206
53505 l 141 188 185 189 205
53564 l 144 189 182 184 206
53623 l 147 184 176 180 198
53682 l 150 179 169 170 191
53741 l 153 175 161 163 186
53800 l 156 162 153 158 174
53860 l 159 160 148 150 171
53919 l 162 153 144 147 165
53978 l 165 150 141 141 164
54037 l 168 145 139 139 157
54096 l 171 144 136 135 159
54155 l 174 144 131 136 153
54214 l 177 142 132 133 150
54773 l 180 134 129 131 145
54805 l 177 139 129 128 151
54865 l 174 134 131 131 148
54925 l 171 138 132 135 152
54984 l 168 139 133 139 155
55044 l 165 141 134 135 158
55103 l 162 141 134 140 163
55162 l 159 143 135 143 160
55222 l 156 151 138 146 170
55281 l 153 153 145 151 174
55341 l 150 159 148 157 176
55400 l 147 165 152 162 184
55459 l 144 174 158 174 190
55519 l 141 178 164 179 197
55578 l 138 183 176 189 203
55638 l 135 187 180 190 208
55697 l 132 184 187 190 202
55756 l 129 181 192 185 200
55816 l 126 175 187 179 189
55875 l 123 173 184 171 188
55934 l 120 161 175 163 181
55994 l 117 158 169 157 174
56053 l 114 147 164 154 168
56113 l 111 144 159 150 164
56172 l 108 140 154 146 160
56231 l 105 139 152 145 157
56291 l 102 134 148 142 154
56350 l 99 134 143 142 149
56410 l 96 133 147 139 148
56469 l 93 129 143 137 142
56528 l 90 126 141 133 139
56588 l 87 124 138 131 137
56647 l 84 124 137 132 137
56707 l 81 126 139 131 142
56766 l 78 125 142 141 147
56825 l 75 130 144 139 155
56885 l 72 130 144 138 153
56944 l 69 134 148 143 157
57004 l 66 135 148 147 161
57063 l 63 139 155 147 162
57122 l 60 140 157 154 169
57182 l 57 145 163 159 177
57241 l 54 155 171 171 184
57300 l 51 163 177 177 193
57360 l 48 172 184 183 199
57419 l 45 175 188 195 200
57479 l 42 176 191 198 197
57538 l 39 180 188 202 195
57597 l 36 175 185 199 186
57657 l 33 171 181 197 179
57716 l 30 161 174 188 170
57776 l 27 154 166 179 162
57835 l 24 149 162 171 157
57894 l 21 148 156 170 148
57954 l 18 144 149 166 147
58013 l 15 139 145 160 145
58073 l 12 136 143 158 145
58132 l 9 137 142 152 142
58191 l 6 134 141 156 143
58251 l 3 130 138 150 132
58810 l 0 127 134 146 129
58842 l 3 126 132 145 133
58890 l 6 124 131 146 128
58948 l 9 126 137 150 131
59008 l 12 129 137 152 137
59067 l 15 134 141 152 140
59126 l 18 135 143 156 143
59185 l 21 134 144 160 141
59244 l 24 140 149 167 147
59303 l 27 139 150 166 148
59363 l 30 146 155 171 151
59422 l 33 149 164 180 159
59481 l 36 158 167 190 165
59540 l 39 166 174 193 174
59599 l 42 168 177 203 179
59659 l 45 176 188 202 187
59718 l 48 177 189 199 195
59777 l 51 180 191 195 198
59836 l 54 176 186 188 198
59895 l 57 171 186 176 193
59955 l 60 160 179 171 191
60013 l 63 156 168 166 178
60072 l 66 147 162 159 172
60132 l 69 142 157 149 166
60191 l 72 139 152 143 164
60250 l 75 133 148 142 156
60309 l 78 135 148 140 156
60368 l 81 131 146 141 152
60428 l 84 128 141 139 151
60486 l 87 128 142 132 141
60546 l 90 126 137 129 141
60605 l 93 124 138 130 137
60664 l 96 126 138 132 139
60723 l 99 128 142 135 137
60782 l 102 131 144 142 144
60841 l 105 132 142 142 153
60901 l 108 132 145 141 153
60960 l 111 136 147 145 154
61019 l 114 139 149 148 159
61078 l 117 142 156 148 160
61137 l 120 145 161 154 164
61197 l 123 150 162 159 174
61256 l 126 155 172 165 176
61315 l 129 162 177 176 184
61374 l 132 171 186 178 191
61433 l 135 174 188 185 198
61492 l 138 181 193 188 204
61551 l 141 186 189 191 206
61611 l 144 184 184 186 203
61670 l 147 183 173 178 198
61729 l 150 180 166 168 194
61789 l 153 172 153 164 186
61847 l 156 164 152 156 177
61906 l 159 159 147 152 171
61966 l 162 151 148 145 171
62025 l 165 154 142 141 166
62084 l 168 148 139 137 161
62143 l 171 141 133 141 159
62202 l 174 141 135 136 156
62261 l 177 140 132 134 152
62821 l 180 134 126 129 148
62852 l 177 139 128 129 145
62912 l 174 134 128 134 148
62971 l 171 138 131 136 152
63031 l 168 143 137 138 155
63090 l 165 142 135 136 157
63149 l 162 144 136 139 159
63208 l 159 146 136 144 159
63267 l 156 150 142 149 169
63327 l 153 151 144 154 172
63385 l 150 159 148 156 174
63444 l 147 162 150 161 181
63504 l 144 169 156 168 188
63563 l 141 178 163 183 196
63622 l 138 189 174 188 205
63681 l 135 190 181 192 206
63740 l 132 190 186 191 205
63800 l 129 180 189 186 200
63859 l 126 176 183 176 194
63918 l 123 166 184 170 185
63977 l 120 164 177 162 182
64036 l 117 153 169 157 175
64096 l 114 148 160 152 166
64154 l 111 145 158 151 163
64214 l 108 140 151 149 161
64273 l 105 138 151 144 156
64332 l 102 132 150 143 156
64391 l 99 137 146 140 151
64450 l 96 134 144 138 148
64509 l 93 129 140 136 145
64569 l 90 126 145 128 139
64627 l 87 124 138 131 138
64687 l 84 125 136 131 139
64746 l 81 124 139 133 143
64805 l 78 125 143 138 147
64865 l 75 130 143 139 151
64923 l 72 131 147 142 153
64983 l 69 133 150 144 156
65042 l 66 135 150 148 158
65101 l 63 137 150 148 160
65161 l 60 144 154 157 166
65219 l 57 146 164 163 172
65278 l 54 155 171 168 186
65338 l 51 161 178 176 188
65397 l 48 170 182 186 197
65456 l 45 178 189 194 198
65515 l 42 177 190 199 197
65574 l 39 180 191 204 195
65634 l 36 179 190 200 191
65693 l 33 171 181 192 179
65752 l 30 165 176 185 168
65811 l 27 158 166 176 162
65870 l 24 151 154 172 157
65930 l 21 151 155 163 152
65989 l 18 140 150 161 147
66048 l 15 139 149 159 146
66107 l 12 135 144 155 140
66166 l 9 134 140 155 144
66226 l 6 134 139 150 138
66284 l 3 137 139 151 134
66843 l 0 125 134 143 130
66875 l 3 127 132 145 128
66930 l 6 123 135 145 131
66990 l 9 127 133 148 137
67049 l 12 135 140 149 138
67107 l 15 132 141 152 141
67168 l 18 136 144 156 147
67227 l 21 138 146 156 144
67287 l 24 141 152 159 147
67346 l 27 144 156 165 154
67405 l 30 145 156 168 154
67465 l 33 146 161 172 163
67524 l 36 154 166 181 169
67584 l 39 162 176 187 177
67643 l 42 168 177 195 185
67702 l 45 175 188 199 197
67762 l 48 177 194 203 198
67821 l 51 181 191 201 198
67880 l 54 177 189 195 198
67940 l 57 169 185 188 188
67999 l 60 159 178 174 184
68059 l 63 156 174 169 174
68118 l 66 147 163 163 172
68177 l 69 142 156 154 164
68237 l 72 138 149 148 162
68296 l 75 136 151 145 155
68356 l 78 132 150 143 152
68415 l 81 130 144 139 148
68474 l 84 131 145 141 144
68534 l 87 129 144 138 140
68593 l 90 123 141 135 138
68653 l 93 124 137 130 140
68712 l 96 123 136 127 137
68771 l 99 128 140 132 145
68831 l 102 130 142 135 147
68890 l 105 135 146 139 154
68950 l 108 133 146 142 155
69009 l 111 134 148 142 157
69068 l 114 137 150 144 159
69128 l 117 144 154 145 165
69187 l 120 144 158 151 168
69246 l 123 147 163 153 173
69306 l 126 152 170 158 179
69365 l 129 162 178 164 187
69425 l 132 167 180 170 193
69484 l 135 175 183 179 201
69543 l 138 184 188 184 202
69603 l 141 184 186 185 205
69662 l 144 184 181 190 202
69722 l 147 185 174 185 196
69781 l 150 176 167 177 191
69840 l 153 176 160 173 181
69900 l 156 167 156 166 176
69959 l 159 155 147 158 167
70019 l 162 154 143 150 166
70078 l 165 149 139 147 165
70137 l 168 149 138 142 159
70197 l 171 147 135 140 157
70256 l 174 143 134 139 154
70316 l 177 139 132 137 152
70876 l 180 134 127 129 143
70906 l 177 134 127 132 148
70960 l 174 136 127 134 146
71019 l 171 139 131 134 148
71078 l 168 141 131 139 153
71137 l 165 140 132 137 153
71196 l 162 143 135 138 155
71256 l 159 145 138 141 160
71315 l 156 149 142 148 163
71373 l 153 152 145 153 168
71433 l 150 158 144 155 174
71492 l 147 160 154 164 172
71552 l 144 167 160 171 184
71611 l 141 180 167 181 195
71669 l 138 181 176 186 203
71729 l 135 187 184 190 202
71788 l 132 185 186 191 204
71847 l 129 183 188 187 204
71907 l 126 179 188 180 197
71965 l 123 168 183 172 191
72025 l 120 158 178 166 185
72084 l 117 155 168 158 178
72143 l 114 149 165 153 171
72202 l 111 147 157 149 167
72261 l 108 143 155 149 162
72321 l 105 137 149 142 158
72380 l 102 137 146 144 152
72438 l 99 132 147 142 151
72498 l 96 133 142 141 153
72557 l 93 129 141 137 146
72616 l 90 129 141 133 140
72675 l 87 126 140 129 139
72734 l 84 123 140 130 138
72794 l 81 125 137 136 139
72853 l 78 131 141 138 143
72912 l 75 131 144 138 149
72971 l 72 129 148 142 153
73030 l 69 134 147 144 152
73090 l 66 137 150 145 156
73149 l 63 139 150 152 163
73208 l 60 142 160 155 167
73267 l 57 147 161 162 171
73326 l 54 153 166 170 180
73385 l 51 162 176 178 190
73445 l 48 168 184 191 194
73504 l 45 174 187 196 199
73563 l 42 179 187 203 200
73622 l 39 179 188 202 193
73681 l 36 170 184 201 191
73741 l 33 170 180 192 180
73800 l 30 165 169 182 176
73859 l 27 158 167 176 167
73918 l 24 154 160 171 161
73977 l 21 147 155 169 151
74037 l 18 144 153 159 147
74095 l 15 139 149 162 146
74155 l 12 136 148 155 142
74214 l 9 137 143 154 141
74273 l 6 135 139 153 141
74332 l 3 131 140 152 140
74892 l 0 125 133 145 128
74923 l 3 124 137 144 128
74983 l 6 128 132 145 130
75042 l 9 131 137 151 133
75102 l 12 133 136 153 140
75161 l 15 132 141 150 141
75219 l 18 136 142 155 141
75279 l 21 137 143 161 145
75338 l 24 142 147 164 147
75398 l 27 142 147 171 152
75456 l 30 145 154 173 153
75515 l 33 152 161 178 160
75575 l 36 156 169 184 167
75634 l 39 163 173 195 176
75694 l 42 168 179 199 183
75752 l 45 176 186 205 188
75811 l 48 176 186 199 195
75871 l 51 180 189 196 197
75930 l 54 174 190 190 199
75990 l 57 168 184 178 197
76048 l 60 160 179 168 185
76107 l 63 158 171 164 179
76167 l 66 150 164 154 172
76226 l 69 146 157 151 165
76284 l 72 138 150 146 161
76344 l 75 133 150 145 153
76403 l 78 133 151 140 150
76463 l 81 130 147 139 152
76522 l 84 130 143 134 150
76580 l 87 125 142 133 144
76640 l 90 128 139 133 140
76699 l 93 126 137 127 140
76759 l 96 121 138 132 140
76817 l 99 128 140 135 139
76876 l 102 130 144 141 146
76936 l 105 131 145 143 154
76995 l 108 134 147 143 151
77053 l 111 136 147 143 155
77113 l 114 137 153 145 158
77172 l 117 142 155 148 163
77232 l 120 144 157 152 168
77290 l 123 151 161 157 170
77349 l 126 157 170 165 180
77409 l 129 162 174 170 183
77468 l 132 174 184 180 192
77528 l 135 180 185 188 199
77587 l 138 183 190 190 204
77645 l 141 184 184 191 208
77705 l 144 187 182 187 206
77764 l 147 183 173 176 198
77824 l 150 181 164 169 194
77882 l 153 170 154 160 181
77941 l 156 164 153 155 184
78001 l 159 160 149 151 171
78060 l 162 152 142 146 165
78118 l 165 149 140 143 162
78178 l 168 145 139 138 161
78237 l 171 143 136 138 159
78297 l 174 142 133 135 156
78356 l 177 144 130 134 155
78915 l 180 136 131 131 146
78947 l 177 137 126 129 144
79006 l 174 136 128 132 146
79066 l 171 139 130 134 151
79125 l 168 142 133 135 155
79184 l 165 142 134 135 154
79243 l 162 142 136 142 160
79302 l 159 148 137 140 158
79362 l 156 150 138 147 168
79421 l 153 154 143 151 170
79479 l 150 155 146 158 174
79539 l 147 167 150 165 180
79598 l 144 170 159 172 189
79657 l 141 175 164 179 196
79717 l 138 184 175 187 200
79775 l 135 185 180 190 208
79835 l 132 184 187 187 204
79894 l 129 184 190 189 202
79953 l 126 176 184 183 196
80013 l 123 168 183 171 188
80072 l 120 159 177 164 180
80131 l 117 154 171 156 172
80190 l 114 151 164 154 169
80249 l 111 145 154 149 162
80309 l 108 139 154 148 157
80367 l 105 139 149 142 157
80427 l 102 133 148 142 156
80486 l 99 135 144 141 153
80544 l 96 132 145 141 150
80604 l 93 130 143 136 143
80663 l 90 128 140 133 137
80722 l 87 125 137 128 138
80782 l 84 124 136 131 136
80840 l 81 126 137 133 142
80900 l 78 125 138 141 146
80959 l 75 129 145 141 151
81018 l 72 132 144 137 152
81078 l 69 131 146 145 155
81136 l 66 136 152 148 159
81196 l 63 137 155 151 165
81255 l 60 140 161 157 168
81314 l 57 149 161 161 170
81374 l 54 155 171 170 183
81432 l 51 165 179 176 190
81491 l 48 172 181 188 198
81551 l 45 177 192 195 201
81610 l 42 178 187 201 196
81670 l 39 178 193 203 191
81729 l 36 178 188 202 184
81788 l 33 168 180 191 177
81848 l 30 164 176 187 171
81907 l 27 157 171 180 163
81967 l 24 151 160 171 155
82026 l 21 146 156 168 153
82085 l 18 145 149 166 148
82145 l 15 141 148 161 147
82204 l 12 135 146 154 141
82264 l 9 132 144 156 141
82323 l 6 135 142 153 137
82382 l 3 131 138 147 133
82941 l 0 126 133 145 130
82973 l 3 128 133 145 128
83031 l 6 127 133 147 132
83090 l 9 128 136 149 133
83148 l 12 134 140 152 134
83208 l 15 133 140 156 139
83267 l 18 134 141 155 142
83326 l 21 139 144 157 143
83386 l 24 141 150 162 147
83444 l 27 140 155 166 147
83504 l 30 145 157 172 150
83563 l 33 150 159 179 155
83622 l 36 154 165 185 166
83682 l 39 165 172 194 174
83740 l 42 165 180 201 178
83800 l 45 176 187 202 188
83859 l 48 180 189 199 194
83918 l 51 185 191 195 198
83977 l 54 176 189 187 198
84036 l 57 171 184 179 195
84096 l 60 163 179 168 193
84155 l 63 150 171 161 180
84214 l 66 146 162 156 174
84273 l 69 142 157 148 167
84332 l 72 137 151 146 166
84391 l 75 136 146 142 158
84451 l 78 131 146 141 154
84509 l 81 128 146 135 151
84569 l 84 132 143 138 150
84628 l 87 126 142 135 146
84687 l 90 126 140 130 139
84747 l 93 123 139 134 138
84805 l 96 123 138 133 138
84865 l 99 127 141 138 140
84924 l 102 130 142 141 145
84983 l 105 134 141 139 152
85042 l 108 133 144 140 154
85101 l 111 133 150 144 154
85160 l 114 134 151 147 156
85220 l 117 140 152 148 159
85279 l 120 145 161 152 165
85338 l 123 152 164 159 170
85397 l 126 157 171 161 175
85456 l 129 163 176 170 181
85516 l 132 171 183 181 193
85574 l 135 178 188 189 199
85634 l 138 179 189 188 201
85693 l 141 185 183 193 204
85752 l 144 185 186 185 205
85812 l 147 183 176 179 206
85871 l 150 175 168 170 193
85929 l 153 174 159 165 192
85989 l 156 163 154 159 182
86048 l 159 161 148 152 172
86108 l 162 155 146 145 169
86166 l 165 152 141 142 164
86225 l 168 144 135 141 159
86285 l 171 144 136 139 160
86343 l 174 140 131 134 155
86403 l 177 144 132 133 151
86963 l 180 137 129 127 147
86993 l 177 132 128 130 147
87054 l 174 135 125 129 147
87113 l 171 139 130 137 151
87172 l 168 140 131 137 153
87231 l 165 145 136 137 157
87290 l 162 142 134 137 157
87350 l 159 143 137 141 159
87409 l 156 150 141 144 163
87469 l 153 152 144 152 164
87527 l 150 157 149 155 175
87586 l 147 163 154 161 181
87646 l 144 171 159 173 187
87705 l 141 177 170 180 199
87764 l 138 186 175 186 203
87823 l 135 185 182 189 204
87882 l 132 187 189 190 206
87942 l 129 188 192 186 204
88000 l 126 181 186 178 194
88059 l 123 171 182 170 189
88119 l 120 159 179 163 181
88178 l 117 150 171 154 174
88237 l 114 150 163 152 171
88296 l 111 146 162 148 163
88355 l 108 137 154 146 160
88415 l 105 140 150 145 157
88474 l 102 137 148 143 155
88534 l 99 132 146 141 150
88592 l 96 133 142 143 151
88651 l 93 128 142 138 145
88711 l 90 127 138 131 139
88770 l 87 124 139 129 136
88828 l 84 123 138 134 137
88888 l 81 124 137 134 142
88947 l 78 127 142 137 145
89007 l 75 130 143 141 149
89065 l 72 130 145 140 154
89124 l 69 132 147 144 154
89184 l 66 134 148 144 158
89243 l 63 137 148 151 163
89303 l 60 141 155 158 167
89361 l 57 147 163 162 171
89420 l 54 153 168 168 181
89480 l 51 159 175 178 189
89539 l 48 169 183 179 192
89597 l 45 176 187 197 198
89657 l 42 177 191 205 199
89716 l 39 176 192 201 193
89776 l 36 175 184 199 184
89834 l 33 167 177 191 180
89893 l 30 164 171 186 172
89953 l 27 156 165 176 164
90012 l 24 152 161 170 159
90071 l 21 144 158 167 152
90130 l 18 146 152 163 148
90189 l 15 141 148 161 149
90249 l 12 138 145 156 143
90308 l 9 136 141 153 143
90366 l 6 136 143 153 140
90426 l 3 133 138 150 137
90985 l 0 126 132 143 131
91017 l 3 126 132 147 130
91077 l 6 126 134 147 133
91137 l 9 129 137 150 131
91195 l 12 132 137 151 139
91254 l 15 136 140 151 141
91314 l 18 135 140 158 145
91373 l 21 138 145 160 144
91432 l 24 138 148 166 148
91491 l 27 145 153 163 154
91550 l 30 149 155 170 158
91610 l 33 152 155 177 161
91669 l 36 154 161 187 167
91727 l 39 157 170 196 175
91787 l 42 168 178 200 183
91846 l 45 178 185 201 192
91906 l 48 179 191 200 194
91965 l 51 184 189 193 198
92023 l 54 178 187 185 194
92083 l 57 174 184 176 193
92142 l 60 164 176 166 184
92201 l 63 158 168 164 179
92261 l 66 149 159 152 169
92319 l 69 143 157 152 163
92379 l 72 138 151 143 158
92438 l 75 133 152 144 155
92497 l 78 131 147 144 152
92557 l 81 133 146 136 151
92615 l 84 131 143 137 149
92675 l 87 128 142 134 145
92734 l 90 126 141 128 136
92793 l 93 125 141 129 139
92853 l 96 123 138 133 139
92911 l 99 130 137 137 140
92971 l 102 134 144 139 148
93030 l 105 131 146 145 149
93089 l 108 131 144 144 152
93149 l 111 134 146 146 153
93207 l 114 133 151 147 160
93266 l 117 141 152 150 162
93326 l 120 141 159 155 166
93385 l 123 147 163 160 170
93444 l 126 155 172 166 181
93503 l 129 160 174 171 188
93562 l 132 167 184 180 193
93622 l 135 178 187 188 204
93680 l 138 182 190 188 205
93740 l 141 188 187 190 206
93799 l 144 182 185 187 206
93858 l 147 184 179 180 197
93918 l 150 178 170 173 194
93976 l 153 170 159 163 183
94035 l 156 162 150 159 176
94095 l 159 158 147 152 169
94154 l 162 152 144 145 163
94214 l 165 151 141 143 165
94273 l 168 148 136 138 160
94331 l 171 145 137 139 157
94391 l 174 144 135 137 154
94450 l 177 144 133 133 151
95010 l 180 134 129 129 145
95041 l 177 133 127 128 147
95100 l 174 136 130 128 147
95160 l 171 139 132 135 149
95219 l 168 139 133 136 152
95278 l 165 142 134 136 155
95337 l 162 140 135 144 159
95396 l 159 148 134 146 159
95456 l 156 153 141 146 162
95515 l 153 153 143 153 166
95575 l 150 156 147 156 169
95633 l 147 163 153 158 177
95692 l 144 171 158 172 183
95752 l 141 176 167 180 193
95811 l 138 181 174 186 197
95870 l 135 188 181 189 203
95929 l 132 188 186 193 204
95988 l 129 185 189 181 204
96048 l 126 176 185 182 198
96107 l 123 172 184 169 193
96166 l 120 162 174 164 187
96225 l 117 156 167 158 180
96284 l 114 150 160 152 171
96344 l 111 145 155 147 166
96403 l 108 140 148 146 162
96461 l 105 138 151 141 159
96521 l 102 138 148 145 154
96580 l 99 136 146 145 151
96640 l 96 131 144 138 151
96698 l 93 129 142 136 147
96757 l 90 124 141 130 139
96817 l 87 123 137 130 139
96876 l 84 123 139 133 140
96934 l 81 126 141 130 136
96994 l 78 125 139 136 139
97053 l 75 131 143 136 148
97113 l 72 130 144 138 149
97172 l 69 131 146 143 151
97230 l 66 133 148 146 155
97290 l 63 137 151 151 159
97349 l 60 140 157 153 163
97409 l 57 146 161 161 171
97467 l 54 153 169 170 178
97526 l 51 159 177 177 187
97586 l 48 169 182 188 193
97645 l 45 172 190 195 197
97703 l 42 182 191 201 199
97763 l 39 177 188 201 195
97822 l 36 174 187 203 188
97882 l 33 170 182 193 182
97941 l 30 163 173 184 173
97999 l 27 155 165 179 169
98059 l 24 150 163 173 159
98118 l 21 149 157 165 154
98178 l 18 143 151 165 148
98237 l 15 141 147 154 149
98295 l 12 138 143 153 144
98355 l 9 135 144 153 141
98414 l 6 136 140 153 141
98473 l 3 133 138 151 137
99033 l 0 127 134 143 129
99064 l 3 123 133 149 130
99124 l 6 127 132 147 130
99183 l 9 127 136 150 133
99243 l 12 133 135 150 138
99302 l 15 135 141 154 141
99361 l 18 136 143 158 143
99421 l 21 137 144 162 144
99479 l 24 142 147 165 148
99538 l 27 143 151 171 150
99598 l 30 146 155 175 154
99657 l 33 148 163 178 161
99717 l 36 156 169 184 167
99775 l 39 162 174 193 172
99834 l 42 168 179 200 179
99894 l 45 176 185 202 190
99953 l 48 179 192 199 193
100012 l 51 181 194 195 196
100071 l 54 176 190 186 198
100130 l 57 169 187 179 196
100190 l 60 164 178 169 190
100248 l 63 157 170 164 181
100307 l 66 149 167 153 174
100367 l 69 142 161 152 167
100426 l 72 140 153 147 162
100486 l 75 132 147 142 158
100544 l 78 133 146 141 152
100603 l 81 131 148 141 151
100663 l 84 128 142 136 144
100722 l 87 123 141 132 145
100781 l 90 125 139 130 140
100840 l 93 125 137 130 139
100899 l 96 123 139 133 138
100959 l 99 128 140 136 141
101018 l 102 132 143 141 149
101078 l 105 131 142 145 153
101136 l 108 135 144 141 151
101195 l 111 137 149 147 155
101255 l 114 138 152 145 157
101313 l 117 138 156 150 161
101372 l 120 145 154 152 169
101432 l 123 149 163 153 173
101491 l 126 152 165 163 174
101551 l 129 160 175 172 184
101609 l 132 168 182 178 190
101668 l 135 177 189 185 200
101728 l 138 178 187 187 205
101787 l 141 187 187 190 202
101846 l 144 188 183 185 204
101905 l 147 185 174 176 203
101964 l 150 177 166 171 192
102024 l 153 174 161 165 186
102083 l 156 160 150 158 177
102142 l 159 157 151 149 171
102201 l 162 154 142 149 168
102260 l 165 149 138 143 163
102320 l 168 146 136 141 160
102379 l 171 145 136 137 157
102437 l 174 140 133 134 154
102497 l 177 142 131 134 151
103057 l 180 135 129 127 146
103088 l 177 137 129 131 143
103148 l 174 134 128 130 148
103207 l 171 139 131 138 148
103267 l 168 144 131 137 154
103325 l 165 142 135 136 159
103385 l 162 142 136 141 161
103444 l 159 144 138 142 162
103503 l 156 150 139 144 165
103563 l 153 157 141 151 172
103621 l 150 158 149 159 176
103681 l 147 164 157 158 180
103740 l 144 168 160 170 190
103799 l 141 175 167 178 196
103859 l 138 182 176 185 204
103917 l 135 183 181 189 204
103976 l 132 184 189 189 207
104036 l 129 181 189 183 198
104095 l 126 177 188 176 192
104155 l 123 170 185 171 185
104213 l 120 165 175 168 180
104272 l 117 153 169 160 173
104332 l 114 149 160 153 166
104391 l 111 147 157 148 168
104450 l 108 144 157 147 162
104509 l 105 138 148 145 158
104568 l 102 136 148 140 154
104628 l 99 134 148 141 152
104686 l 96 135 142 139 148
104745 l 93 131 141 137 146
104805 l 90 127 138 130 138
104864 l 87 122 137 129 141
104924 l 84 124 140 132 137
104983 l 81 127 140 134 139
105041 l 78 127 142 138 148
105101 l 75 130 144 140 151
105160 l 72 130 145 141 152
105220 l 69 134 148 143 154
105279 l 66 137 150 147 158
105338 l 63 139 152 148 167
105397 l 60 143 156 156 170
105456 l 57 145 161 160 173
105516 l 54 151 168 167 183
105574 l 51 155 176 177 192
105633 l 48 166 182 185 198
105693 l 45 175 188 196 200
105752 l 42 180 191 201 197
105810 l 39 180 191 202 193
105870 l 36 177 186 196 186
105929 l 33 168 177 192 178
105989 l 30 161 171 184 168
106048 l 27 156 164 177 162
106107 l 24 152 159 170 156
106167 l 21 145 155 169 153
106225 l 18 142 149 163 146
106285 l 15 139 146 162 145
106344 l 12 139 146 160 140
106403 l 9 138 145 151 142
106463 l 6 135 143 151 137
106521 l 3 133 137 150 136
107080 l 0 126 136 145 130
107112 l 3 125 133 144 127
107172 l 6 126 135 149 133
107233 l 9 130 135 147 135
107292 l 12 133 138 148 141
107352 l 15 135 143 153 143
107411 l 18 135 140 154 143
107470 l 21 136 146 158 144
107530 l 24 138 151 165 146
107589 l 27 143 151 165 152
107649 l 30 145 156 171 154
107708 l 33 150 156 178 164
107767 l 36 155 165 186 171
107827 l 39 165 175 195 178
107886 l 42 171 183 200 186
107945 l 45 177 185 201 195
108005 l 48 180 191 200 198
108064 l 51 178 191 194 200
108124 l 54 177 187 188 198
108183 l 57 171 184 176 190
108242 l 60 163 176 168 182
108303 l 63 158 170 163 177
108362 l 66 147 164 156 171
108421 l 69 146 161 153 163
108480 l 72 142 155 144 158
108540 l 75 133 148 141 154
108600 l 78 131 148 140 152
108659 l 81 130 144 138 149
108718 l 84 130 143 140 147
108778 l 87 127 141 132 141
108837 l 90 125 140 133 138
108897 l 93 126 140 129 136
108955 l 96 124 137 133 139
109016 l 99 128 142 135 140
109075 l 102 130 139 140 151
109134 l 105 132 145 141 150
109194 l 108 135 144 139 151
109253 l 111 136 148 143 159
109313 l 114 135 147 146 159
109372 l 117 140 151 149 166
109431 l 120 146 157 150 168
109491 l 123 149 159 158 175
109550 l 126 157 173 166 179
109609 l 129 169 173 170 188
109669 l 132 172 186 178 193
109728 l 135 175 184 182 197
109788 l 138 185 188 190 204
109847 l 141 187 186 191 209
109906 l 144 186 182 187 203
109966 l 147 186 172 180 196
110025 l 150 181 164 172 195
110085 l 153 172 160 165 180
110144 l 156 163 151 158 176
110203 l 159 158 144 149 172
110263 l 162 156 146 146 167
110322 l 165 152 140 143 160
110382 l 168 147 137 140 158
110441 l 171 140 135 138 154
110500 l 174 142 135 135 153
110560 l 177 141 131 132 153
111120 l 180 132 127 129 146
111151 l 177 132 131 127 146
111198 l 174 134 128 134 145
111257 l 171 139 133 133 150
111316 l 168 141 132 136 153
111375 l 165 142 130 136 157
111434 l 162 146 137 141 157
111494 l 159 143 137 143 160
111553 l 156 150 140 147 165
111612 l 153 154 142 153 166
111671 l 150 160 144 157 171
111730 l 147 168 155 162 180
111790 l 144 171 159 170 181
111849 l 141 178 168 177 195
111908 l 138 189 175 183 200
111967 l 135 187 182 190 204
112026 l 132 187 189 189 208
112086 l 129 183 192 185 203
112145 l 126 180 187 179 198
112204 l 123 173 180 168 194
112263 l 120 162 178 163 184
112322 l 117 160 168 160 177
112381 l 114 150 162 156 171
112441 l 111 145 157 148 167
112499 l 108 141 156 147 161
112559 l 105 140 150 142 160
112618 l 102 135 150 139 152
112677 l 99 132 146 139 156
112737 l 96 130 142 139 153
112796 l 93 129 142 134 147
112855 l 90 126 141 131 139
112914 l 87 123 141 127 137
112973 l 84 123 135 132 137
113033 l 81 125 138 133 138
113091 l 78 126 139 138 141
113150 l 75 129 141 142 148
113210 l 72 131 147 141 152
113269 l 69 133 148 146 155
113329 l 66 134 146 146 153
113387 l 63 135 153 148 160
113446 l 60 147 153 155 166
113506 l 57 147 163 159 172
113565 l 54 157 167 172 176
113625 l 51 162 174 177 185
113683 l 48 166 184 186 194
113742 l 45 175 189 193 198
113802 l 42 178 191 199 195
113861 l 39 179 194 202 196
113921 l 36 174 190 197 193
113979 l 33 170 181 195 181
114038 l 30 166 168 189 174
114098 l 27 156 167 175 168
114157 l 24 151 160 175 157
114215 l 21 147 159 168 148
114275 l 18 142 152 164 150
114334 l 15 136 151 160 143
114394 l 12 139 145 155 145
114453 l 9 134 142 153 143
114512 l 6 132 140 152 140
114571 l 3 130 140 151 138
115130 l 0 127 133 143 130
115162 l 3 125 133 149 130
115198 l 6 125 133 145 132
115258 l 9 129 135 150 138
115317 l 12 133 137 149 138
115377 l 15 132 142 152 138
115436 l 18 136 143 157 145
115495 l 21 138 146 158 145
115555 l 24 139 148 162 147
115614 l 27 142 152 165 152
115674 l 30 146 155 168 157
115733 l 33 152 162 173 168
115792 l 36 157 168 183 172
115852 l 39 163 169 189 177
115911 l 42 167 179 199 183
115971 l 45 173 182 203 192
116030 l 48 178 192 201 196
116089 l 51 178 193 201 200
116149 l 54 178 189 193 196
116208 l 57 173 184 183 192
116269 l 60 165 177 176 183
116327 l 63 155 169 167 175
116386 l 66 149 162 159 168
116447 l 69 142 159 155 166
116506 l 72 142 156 148 161
116564 l 75 133 149 142 152
116624 l 78 132 144 142 154
116684 l 81 132 145 139 153
116744 l 84 127 143 140 148
116803 l 87 127 144 135 142
116862 l 90 129 136 132 140
116922 l 93 123 137 129 137
116981 l 96 123 139 127 140
117041 l 99 128 139 133 143
117100 l 102 129 142 137 151
117159 l 105 130 145 140 152
117219 l 108 134 143 138 152
117278 l 111 136 150 142 157
117338 l 114 138 151 145 157
117397 l 117 139 152 146 165
117456 l 120 147 158 151 169
117516 l 123 149 159 155 180
117575 l 126 155 169 162 181
117635 l 129 162 175 167 188
117694 l 132 170 180 173 196
117753 l 135 176 186 181 198
117813 l 138 185 193 185 203
117872 l 141 185 187 191 206
117932 l 144 187 182 190 204
117991 l 147 187 179 185 198
118050 l 150 178 164 178 192
118110 l 153 172 158 167 184
118169 l 156 165 151 159 180
118228 l 159 156 147 157 169
118288 l 162 157 142 150 164
118347 l 165 148 140 148 162
118407 l 168 148 136 144 158
118466 l 171 147 135 139 157
118525 l 174 143 134 136 152
118586 l 177 138 131 136 149
119145 l 180 135 126 130 148
119177 l 177 135 128 126 148
119208 l 174 137 129 130 145
119248 l 171 136 131 132 151
119308 l 168 142 136 135 159
119367 l 165 141 134 136 156
119427 l 162 141 135 141 160
119486 l 159 146 139 144 163
119544 l 156 148 141 146 167
119604 l 153 156 144 151 168
119663 l 150 159 148 157 176
119723 l 147 162 153 161 182
119782 l 144 171 158 169 194
119841 l 141 172 168 181 196
119900 l 138 186 175 186 202
119959 l 135 188 182 189 206
120018 l 132 184 187 188 206
120078 l 129 186 188 186 198
120137 l 126 181 186 178 192
120196 l 123 173 185 172 188
120255 l 120 164 177 159 181
120314 l 117 160 172 158 175
120374 l 114 150 164 153 168
120432 l 111 143 160 149 162
120492 l 108 141 155 146 160
120551 l 105 137 153 145 156
120610 l 102 132 145 140 151
120670 l 99 134 148 139 150
120728 l 96 131 143 139 149
120787 l 93 129 142 136 142
120847 l 90 128 138 131 138
120906 l 87 122 138 129 138
120965 l 84 126 138 133 138
121024 l 81 127 142 135 138
121083 l 78 127 141 138 147
121143 l 75 129 144 141 148
121201 l 72 131 146 142 155
121261 l 69 133 146 145 155
121320 l 66 137 149 145 157
121379 l 63 139 151 149 165
121439 l 60 143 157 153 166
121498 l 57 145 159 160 176
121558 l 54 157 170 168 184
121617 l 51 163 174 178 191
121676 l 48 168 183 185 195
121736 l 45 175 190 193 200
121795 l 42 181 193 202 198
121854 l 39 177 191 203 191
121914 l 36 176 187 202 184
121973 l 33 171 185 193 177
122033 l 30 160 172 187 169
122092 l 27 153 168 180 163
122151 l 24 148 157 173 156
122211 l 21 148 154 169 151
122270 l 18 144 151 163 145
122330 l 15 138 146 160 145
122389 l 12 138 145 156 142
122448 l 9 133 144 154 143
122508 l 6 134 141 153 138
122567 l 3 134 137 152 132
123127 l 0 126 132 144 130
123158 l 3 125 134 144 133
123214 l 6 125 133 147 127
123274 l 9 127 137 149 134
123332 l 12 133 140 150 140
123392 l 15 135 141 152 142
123451 l 18 135 143 157 141
123510 l 21 138 144 158 142
123570 l 24 144 145 167 147
123629 l 27 146 151 168 151
123687 l 30 146 155 171 154
123747 l 33 153 159 178 156
123806 l 36 155 162 189 167
123866 l 39 162 175 192 170
123925 l 42 169 181 197 182
123983 l 45 173 188 200 190
124043 l 48 176 192 201 196
124102 l 51 178 193 195 197
124162 l 54 175 187 187 196
124220 l 57 170 190 179 199
124279 l 60 165 179 167 189
124339 l 63 157 173 164 181
124398 l 66 149 165 156 176
124457 l 69 144 154 150 169
124516 l 72 140 150 145 163
124575 l 75 136 149 146 160
124635 l 78 135 147 140 156
124694 l 81 131 146 141 153
124753 l 84 131 145 136 151
124812 l 87 127 141 134 144
124871 l 90 125 139 128 140
124931 l 93 123 138 130 136
124990 l 96 125 142 129 139
125048 l 99 129 142 134 140
125108 l 102 128 142 140 148
125167 l 105 131 144 141 152
125227 l 108 130 145 142 155
125286 l 111 134 147 146 154
125344 l 114 138 151 144 160
125404 l 117 142 153 151 164
125463 l 120 141 157 150 167
125522 l 123 148 166 156 174
125582 l 126 157 169 163 174
125640 l 129 162 178 169 182
125700 l 132 173 183 178 191
125759 l 135 178 185 183 195
125818 l 138 181 185 189 204
125878 l 141 184 187 193 205
125936 l 144 189 181 185 206
125996 l 147 183 177 180 200
126055 l 150 178 164 171 196
126114 l 153 171 159 164 188
126174 l 156 168 152 158 181
126232 l 159 159 144 152 173
126291 l 162 153 142 148 168
126351 l 165 151 137 142 169
126410 l 168 146 137 141 164
126470 l 171 145 137 138 156
126528 l 174 143 134 135 159
126587 l 177 139 132 136 152
127147 l 180 135 128 129 144
127178 l 177 135 129 128 145
127239 l 174 136 128 129 147
127298 l 171 138 130 134 151
127356 l 168 141 134 138 153
127416 l 165 143 131 138 155
127475 l 162 143 135 140 158
127535 l 159 143 139 143 160
127594 l 156 150 140 144 162
127652 l 153 152 141 156 166
127712 l 150 160 149 155 174
127771 l 147 164 154 161 179
127831 l 144 173 155 173 192
127890 l 141 178 168 181 195
127948 l 138 188 173 187 206
128008 l 135 188 183 190 204
128067 l 132 186 187 191 206
128126 l 129 180 187 186 203
128186 l 126 178 187 177 194
128244 l 123 173 181 172 189
128304 l 120 164 177 162 183
128363 l 117 158 171 159 175
128422 l 114 149 164 151 171
128482 l 111 146 153 147 166
128540 l 108 141 152 148 161
128600 l 105 137 150 141 155
128659 l 102 137 146 142 154
128718 l 99 133 146 141 150
128778 l 96 134 145 139 151
128837 l 93 133 140 133 148
128896 l 90 126 142 130 141
128955 l 87 123 139 127 136
129014 l 84 124 138 130 136
129074 l 81 125 141 134 140
129132 l 78 128 140 137 146
129191 l 75 131 146 140 149
129251 l 72 132 141 140 152
129310 l 69 132 148 143 156
129369 l 66 135 151 148 156
129428 l 63 140 152 150 161
129487 l 60 141 161 156 166
129547 l 57 148 159 161 176
129606 l 54 154 170 169 183
129665 l 51 164 178 178 192
129724 l 48 165 181 186 197
129783 l 45 175 191 197 202
129843 l 42 182 191 199 198
129902 l 39 182 190 202 199
129961 l 36 176 186 198 186
130020 l 33 171 182 191 182
130079 l 30 163 173 185 174
130139 l 27 157 165 175 165
130198 l 24 154 162 170 160
130256 l 21 149 155 169 152
130316 l 18 146 152 162 152
130375 l 15 140 150 161 147
130435 l 12 135 142 155 143
130494 l 9 136 144 155 142
130552 l 6 132 140 151 141
130612 l 3 134 138 150 132
131171 l 0 124 133 148 130
131203 l 3 126 133 144 130
131263 l 6 125 135 147 136
131322 l 9 127 136 151 135
131381 l 12 132 140 150 143
131440 l 15 131 141 155 141
131500 l 18 135 145 157 142
131559 l 21 137 145 162 144
131618 l 24 138 149 162 144
131678 l 27 144 152 166 158
131736 l 30 147 152 171 152
131795 l 33 150 160 183 160
131855 l 36 156 167 187 170
131914 l 39 161 174 192 173
131974 l 42 170 182 202 185
132032 l 45 175 183 201 192
132091 l 48 174 191 200 196
132151 l 51 179 191 196 199
132210 l 54 176 192 187 196
132269 l 57 170 191 175 194
132328 l 60 167 184 170 186
132387 l 63 155 171 161 181
132447 l 66 150 162 155 170
132506 l 69 144 160 152 167
132566 l 72 139 152 147 159
132624 l 75 136 149 144 152
132683 l 78 136 144 141 152
132743 l 81 132 143 138 151
132802 l 84 131 147 138 149
132861 l 87 125 141 134 142
132920 l 90 126 140 131 139
132979 l 93 125 142 132 138
133039 l 96 126 138 133 138
133097 l 99 128 139 134 142
133156 l 102 130 143 138 148
133216 l 105 127 141 139 151
133275 l 108 134 148 142 150
133335 l 111 134 151 144 158
133393 l 114 135 149 145 158
133452 l 117 141 157 147 162
133512 l 120 146 159 154 170
133571 l 123 150 168 159 175
133630 l 126 158 171 164 182
133689 l 129 163 176 170 186
133748 l 132 170 186 178 196
133808 l 135 172 185 183 199
133867 l 138 180 191 190 202
133926 l 141 191 190 189 204
133986 l 144 189 183 188 206
134044 l 147 188 175 178 198
134104 l 150 176 166 169 190
134163 l 153 173 156 167 183
134222 l 156 168 154 156 177
134282 l 159 164 148 149 169
134341 l 162 153 144 146 163
134401 l 165 150 141 143 161
134460 l 168 147 139 139 161
134519 l 171 140 136 139 156
134579 l 174 141 133 135 154
134638 l 177 140 133 131 152
135197 l 180 134 128 129 146
135229 l 177 134 126 127 147
135287 l 174 136 129 133 144
135347 l 171 139 132 134 149
135406 l 168 139 132 135 152
135465 l 165 145 134 141 156
135525 l 162 144 132 137 156
135583 l 159 146 140 143 160
135643 l 156 149 142 147 162
135702 l 153 150 141 151 168
135761 l 150 156 146 157 173
135821 l 147 166 153 164 176
135880 l 144 174 159 170 186
135939 l 141 178 166 180 189
135998 l 138 186 177 190 200
136057 l 135 185 184 189 207
136117 l 132 185 184 188 207
136175 l 129 180 187 186 205
136235 l 126 176 187 177 199
136294 l 123 169 181 170 195
136353 l 120 164 176 164 185
136413 l 117 155 175 156 178
136471 l 114 149 160 154 171
136530 l 111 146 158 151 166
136590 l 108 142 155 149 164
136649 l 105 138 150 142 159
136709 l 102 135 147 143 156
136767 l 99 136 145 141 153
136826 l 96 131 140 140 153
136886 l 93 132 143 135 146
136944 l 90 128 140 132 139
137004 l 87 122 138 129 137
137063 l 84 127 138 133 140
137122 l 81 125 138 132 139
137182 l 78 128 145 139 141
137241 l 75 132 145 139 150
137299 l 72 132 146 142 151
137359 l 69 133 150 144 151
137418 l 66 136 148 144 152
137478 l 63 138 151 149 162
137537 l 60 143 154 155 165
137596 l 57 147 164 160 173
137655 l 54 155 167 170 175
137714 l 51 163 177 176 191
137774 l 48 170 185 188 196
137833 l 45 181 189 194 198
137892 l 42 180 193 202 197
137951 l 39 181 187 204 198
138010 l 36 175 185 201 191
138070 l 33 170 184 193 181
138129 l 30 166 171 183 174
138187 l 27 157 165 182 169
138247 l 24 152 161 172 161
138306 l 21 147 155 169 157
138365 l 18 145 151 168 149
138424 l 15 141 148 158 145
138483 l 12 137 145 155 144
138543 l 9 136 140 154 144
138602 l 6 134 143 149 141
138661 l 3 130 141 149 138
139220 l 0 126 131 143 129
139251 l 3 126 131 145 131
139283 l 6 123 134 148 129
139335 l 9 126 132 149 136
139395 l 12 135 136 150 142
139454 l 15 134 141 153 141
139513 l 18 135 144 154 144
139573 l 21 140 146 159 145
139632 l 24 139 148 160 149
139692 l 27 144 152 165 152
139752 l 30 148 157 170 159
139811 l 33 150 162 173 163
139870 l 36 158 166 181 170
139929 l 39 164 173 191 180
139990 l 42 166 176 197 186
140049 l 45 177 188 201 195
140108 l 48 177 189 201 199
140168 l 51 179 189 199 198
140227 l 54 178 187 193 196
140286 l 57 169 186 181 192
140346 l 60 163 176 173 185
140405 l 63 154 172 169 176
140465 l 66 145 164 158 171
140524 l 69 140 156 154 164
140583 l 72 141 154 151 158
140643 l 75 138 149 144 154
140702 l 78 131 147 143 152
140762 l 81 132 145 138 152
140821 l 84 127 145 137 146
140880 l 87 127 143 134 139
140940 l 90 125 141 132 139
140999 l 93 125 137 128 139
141059 l 96 123 140 131 138
141118 l 99 127 140 133 141
141177 l 102 130 143 139 147
141237 l 105 133 142 139 152
141296 l 108 134 146 140 153
141356 l 111 135 149 145 155
141415 l 114 138 154 145 159
141474 l 117 140 154 146 163
141534 l 120 144 156 154 170
141593 l 123 152 168 153 172
141652 l 126 156 170 158 181
141713 l 129 164 176 170 185
141772 l 132 171 181 175 192
141832 l 135 177 187 185 201
141891 l 138 182 187 190 205
141950 l 141 188 189 188 208
142010 l 144 189 182 188 204
142069 l 147 183 175 182 200
142129 l 150 179 163 172 192
142188 l 153 175 156 164 184
142247 l 156 166 152 160 174
142307 l 159 163 148 157 173
142366 l 162 154 145 148 167
142426 l 165 153 139 144 160
142485 l 168 147 141 140 160
142544 l 171 144 136 141 159
142604 l 174 142 130 135 153
142663 l 177 141 134 136 155
143222 l 180 135 129 130 146
143254 l 177 133 129 127 147
143286 l 174 135 128 129 147
143341 l 171 134 133 138 152
143400 l 168 143 129 137 153
143459 l 165 139 134 136 156
143518 l 162 145 135 141 161
143578 l 159 146 138 144 161
143637 l 156 150 140 146 167
143696 l 153 154 144 146 165
143755 l 150 154 146 156 175
143814 l 147 168 151 163 179
143874 l 144 175 159 171 189
143933 l 141 180 168 181 196
143991 l 138 187 175 186 203
144051 l 135 186 179 188 203
144110 l 132 188 183 192 202
144169 l 129 185 191 185 205
144229 l 126 174 186 179 198
144287 l 123 169 181 170 187
144347 l 120 165 172 165 183
144406 l 117 155 168 154 174
144465 l 114 149 162 153 166
144525 l 111 145 156 148 165
144583 l 108 140 155 146 159
144643 l 105 138 147 143 158
144702 l 102 133 149 143 155
144761 l 99 134 148 142 152
144820 l 96 131 145 142 149
144879 l 93 133 143 137 143
144939 l 90 129 143 133 139
144998 l 87 128 142 128 136
145057 l 84 123 137 129 139
145117 l 81 128 143 137 138
145175 l 78 127 143 138 146
145234 l 75 131 144 139 153
145294 l 72 131 147 138 153
145353 l 69 131 146 144 155
145413 l 66 131 150 147 158
145471 l 63 140 151 147 162
145530 l 60 142 156 155 171
145590 l 57 149 160 162 173
145649 l 54 158 173 169 182
145709 l 51 161 175 177 190
145767 l 48 171 183 185 196
145826 l 45 175 185 195 197
145886 l 42 180 194 198 196
145945 l 39 182 189 201 194
146004 l 36 175 185 199 185
146063 l 33 169 180 193 177
146122 l 30 166 179 186 172
146182 l 27 157 171 181 163
146241 l 24 152 161 167 157
146299 l 21 152 158 167 152
146359 l 18 145 151 165 149
146418 l 15 140 149 160 147
146478 l 12 138 143 156 145
146537 l 9 136 140 154 142
146595 l 6 131 140 152 139
146655 l 3 134 137 146 137
147214 l 0 124 132 144 130
147246 l 3 126 128 145 130
147306 l 6 126 134 148 133
147365 l 9 131 136 150 138
147425 l 12 134 141 155 141
147484 l 15 135 140 157 139
147544 l 18 136 143 159 143
147602 l 21 134 146 160 144
147661 l 24 143 149 162 150
147721 l 27 141 149 167 150
147780 l 30 148 150 169 154
147840 l 33 150 160 179 162
147898 l 36 157 167 187 169
147957 l 39 163 172 195 178
148017 l 42 170 179 197 188
148076 l 45 176 182 204 193
148134 l 48 180 187 199 197
148194 l 51 179 191 193 198
148253 l 54 176 188 187 195
148313 l 57 172 184 176 194
148371 l 60 161 182 170 184
148430 l 63 156 168 162 178
148490 l 66 149 163 158 167
148549 l 69 147 155 154 165
148609 l 72 139 154 146 159
148668 l 75 137 149 145 155
148727 l 78 134 148 140 154
148787 l 81 130 144 139 150
148846 l 84 129 142 135 146
148907 l 87 128 144 134 141
148965 l 90 122 141 132 135
149024 l 93 122 137 129 137
149085 l 96 128 141 131 141
149144 l 99 127 137 135 142
149203 l 102 131 139 140 150
149263 l 105 132 142 140 152
149321 l 108 134 143 140 151
149382 l 111 134 150 143 155
149441 l 114 138 151 147 161
149500 l 117 142 155 149 162
149560 l 120 147 158 152 168
149619 l 123 147 162 158 172
149679 l 126 156 170 163 178
149738 l 129 163 176 171 189
149797 l 132 171 181 180 193
149857 l 135 175 189 186 204
149916 l 138 184 190 188 207
149976 l 141 185 188 187 209
150035 l 144 185 180 187 202
150094 l 147 185 177 179 195
150154 l 150 180 167 171 192
150213 l 153 174 165 163 182
150273 l 156 161 148 157 173
150332 l 159 157 143 155 169
150391 l 162 157 143 150 169
150451 l 165 145 141 141 164
150510 l 168 150 139 140 158
150569 l 171 143 134 136 158
150629 l 174 143 131 140 156
150688 l 177 141 133 133 154
151248 l 180 137 126 127 146
151279 l 177 135 127 132 151
151331 l 174 134 131 130 148
151391 l 171 142 131 132 149
151450 l 168 140 131 138 154
151510 l 165 142 130 138 155
151569 l 162 145 135 138 156
151627 l 159 148 137 142 162
151687 l 156 150 141 149 162
151746 l 153 150 143 152 172
151805 l 150 159 151 159 173
151865 l 147 163 152 163 178
151923 l 144 171 159 170 182
151983 l 141 181 169 182 195
152042 l 138 186 177 185 200
152101 l 135 184 183 188 206
152161 l 132 188 187 188 203
152219 l 129 184 188 187 206
152279 l 126 175 186 177 201
152338 l 123 168 181 170 192
152397 l 120 164 178 166 185
152457 l 117 152 172 157 178
152515 l 114 153 168 148 171
152574 l 111 141 158 150 164
152634 l 108 141 156 146 164
152693 l 105 139 148 142 160
152753 l 102 137 148 142 154
152811 l 99 133 146 142 156
152870 l 96 134 146 141 149
152930 l 93 132 145 137 146
152989 l 90 126 139 133 142
153048 l 87 126 140 124 137
153107 l 84 124 137 130 136
153166 l 81 126 141 136 139
153226 l 78 127 143 134 145
153285 l 75 129 143 137 152
153345 l 72 131 143 139 151
153403 l 69 133 145 144 152
153462 l 66 134 150 149 155
153522 l 63 134 151 149 162
153581 l 60 144 158 156 165
153640 l 57 145 158 160 169
153700 l 54 156 171 169 181
153758 l 51 163 175 178 188
153818 l 48 170 184 187 190
153877 l 45 176 189 197 200
153936 l 42 181 191 203 198
153995 l 39 182 188 202 196
154054 l 36 173 184 199 190
154114 l 33 169 179 190 183
154173 l 30 166 174 185 172
154232 l 27 158 166 177 167
154291 l 24 154 162 171 160
154350 l 21 150 154 166 153
154409 l 18 145 151 163 147
154469 l 15 141 146 163 150
154527 l 12 137 146 158 143
154587 l 9 136 142 149 142
154646 l 6 135 141 152 139
154705 l 3 132 139 148 136
155265 l 0 127 132 143 131
155296 l 3 127 133 143 129
155357 l 6 126 132 146 132
155416 l 9 130 135 151 134
155474 l 12 130 138 155 136
155534 l 15 134 140 152 141
155593 l 18 136 146 154 141
155653 l 21 137 144 158 143
155712 l 24 140 146 162 147
155771 l 27 143 149 169 150
155830 l 30 145 153 174 155
155889 l 33 153 162 182 161
155949 l 36 156 165 185 167
156008 l 39 163 177 193 176
156067 l 42 172 181 199 183
156126 l 45 178 191 202 193
156185 l 48 179 193 201 199
156244 l 51 179 190 194 198
156304 l 54 177 188 188 198
156362 l 57 173 184 176 195
156422 l 60 162 179 171 190
156481 l 63 159 173 162 183
156540 l 66 149 168 154 175
156600 l 69 142 160 148 166
156658 l 72 140 154 144 162
156718 l 75 135 151 146 157
156777 l 78 133 148 140 154
156836 l 81 131 145 139 154
156896 l 84 130 143 139 148
156954 l 87 130 140 132 143
157014 l 90 127 139 128 140
157073 l 93 124 137 129 137
157132 l 96 126 138 132 141
157192 l 99 127 138 136 141
157251 l 102 130 142 137 145
157309 l 105 130 140 139 154
157369 l 108 133 146 140 152
157428 l 111 137 149 142 153
157487 l 114 138 151 145 158
157546 l 117 142 152 147 163
157605 l 120 146 160 154 167
157665 l 123 154 163 157 173
157724 l 126 157 171 169 180
157784 l 129 163 176 170 184
157842 l 132 173 179 180 192
157901 l 135 180 187 185 199
157961 l 138 183 191 189 205
158020 l 141 185 187 189 208
158080 l 144 189 182 185 203
158138 l 147 183 173 182 198
158197 l 150 180 166 170 192
158257 l 153 173 159 165 183
158316 l 156 161 153 157 179
158375 l 159 160 147 150 175
158435 l 162 154 142 146 169
158493 l 165 147 139 141 161
158553 l 168 147 139 140 160
158612 l 171 143 136 137 160
158671 l 174 140 133 135 155
158730 l 177 142 133 133 150
159290 l 180 139 126 127 144
159322 l 177 137 130 126 148
159381 l 174 137 128 129 148
159440 l 171 139 131 136 151
159500 l 168 141 131 136 155
159559 l 165 145 135 137 157
159619 l 162 142 134 138 159
159677 l 159 147 138 144 164
159736 l 156 148 140 151 165
159796 l 153 152 143 148 171
159855 l 150 157 148 155 175
159915 l 147 159 150 162 184
159974 l 144 168 159 170 190
160032 l 141 180 164 183 200
160092 l 138 185 177 186 203
160151 l 135 189 181 191 205
160210 l 132 187 187 188 209
160270 l 129 182 188 183 199
160328 l 126 175 189 180 197
160388 l 123 171 182 171 184
160447 l 120 160 178 164 182
160506 l 117 153 165 159 172
160566 l 114 149 166 153 168
160624 l 111 144 159 149 165
160684 l 108 139 153 145 156
160743 l 105 136 149 140 152
160802 l 102 138 145 142 152
160862 l 99 135 145 139 152
160920 l 96 134 141 143 149
160979 l 93 131 145 132 142
161039 l 90 126 140 129 141
161098 l 87 125 139 131 137
161158 l 84 127 137 130 137
161216 l 81 124 139 133 139
161275 l 78 129 143 138 150
161335 l 75 130 143 140 147
161394 l 72 131 146 139 152
161454 l 69 134 149 144 156
161513 l 66 132 149 145 160
161571 l 63 139 153 148 163
161631 l 60 144 159 157 171
161690 l 57 147 162 161 174
161750 l 54 153 170 169 184
161809 l 51 163 177 180 191
161868 l 48 167 187 186 196
161927 l 45 180 189 195 199
161986 l 42 178 189 199 197
162045 l 39 176 190 202 192
162105 l 36 175 188 197 185
162164 l 33 168 181 194 179
162224 l 30 165 177 185 167
162283 l 27 161 167 181 160
162342 l 24 151 157 172 156
162402 l 21 148 156 168 154
162461 l 18 144 152 161 147
162522 l 15 142 149 159 143
162580 l 12 142 146 156 144
162639 l 9 135 143 156 145
162700 l 6 132 137 152 136
162759 l 3 131 139 150 135
163318 l 0 128 135 146 131
163349 l 3 128 132 142 131
163406 l 6 123 134 147 132
163466 l 9 129 135 147 134
163525 l 12 135 139 155 135
163585 l 15 133 144 153 142
163644 l 18 134 143 158 141
163702 l 21 136 144 160 143
163762 l 24 141 147 163 148
163821 l 27 141 153 168 147
163880 l 30 146 157 170 154
163940 l 33 147 162 179 158
163999 l 36 153 164 186 163
164059 l 39 167 171 198 172
164117 l 42 171 182 199 179
164176 l 45 177 187 201 188
164236 l 48 180 192 201 196
164295 l 51 179 191 197 195
164355 l 54 176 190 186 198
164413 l 57 172 183 175 198
164472 l 60 160 177 166 191
164532 l 63 157 169 162 182
164591 l 66 149 166 154 177
164651 l 69 146 157 150 169
164709 l 72 139 152 142 162
164768 l 75 136 155 142 157
164828 l 78 133 148 139 156
164886 l 81 132 143 138 150
164945 l 84 132 144 138 153
165005 l 87 128 142 130 146
165064 l 90 127 142 130 138
165124 l 93 126 139 130 138
165183 l 96 124 137 132 136
165241 l 99 126 140 136 138
165301 l 102 130 144 140 147
165360 l 105 131 142 143 152
165420 l 108 134 143 142 155
165479 l 111 133 145 142 154
165537 l 114 136 151 148 159
165597 l 117 144 158 148 160
165656 l 120 147 158 152 165
165715 l 123 151 164 156 170
165775 l 126 153 173 163 175
165833 l 129 163 176 174 183
165893 l 132 171 184 177 193
165952 l 135 183 189 187 198
166011 l 138 181 187 185 201
166071 l 141 189 186 189 204
166129 l 144 182 184 184 206
166189 l 147 187 176 181 206
166248 l 150 178 165 169 194
166307 l 153 171 160 162 189
166367 l 156 165 153 155 179
166426 l 159 161 149 155 174
166484 l 162 152 146 147 168
166544 l 165 150 142 145 166
166603 l 168 148 138 140 159
166663 l 171 145 134 140 155
166722 l 174 145 134 135 155
166780 l 177 138 133 134 157
167341 l 180 134 127 128 145
167371 l 177 138 127 130 144
167432 l 174 134 126 130 148
167491 l 171 140 129 135 150
167550 l 168 141 132 134 151
167609 l 165 144 136 139 158
167668 l 162 141 134 138 155
167728 l 159 145 138 143 161
167787 l 156 148 139 145 164
167846 l 153 147 142 151 167
167906 l 150 160 151 155 174
167964 l 147 162 154 160 180
168024 l 144 169 160 169 189
168083 l 141 175 172 182 195
168142 l 138 184 174 183 201
168201 l 135 189 183 191 207
168260 l 132 190 190 191 207
168320 l 129 182 190 187 206
168379 l 126 179 187 179 197
168438 l 123 172 183 170 191
168498 l 120 163 178 163 183
168556 l 117 156 171 156 175
168615 l 114 148 164 151 170
168675 l 111 144 162 149 165
168734 l 108 140 154 145 162
168793 l 105 138 152 146 157
168852 l 102 137 149 141 155
168911 l 99 134 148 141 152
168971 l 96 132 146 137 156
169030 l 93 130 143 135 144
169089 l 90 128 138 131 141
169148 l 87 126 139 130 137
169207 l 84 125 137 131 137
169267 l 81 126 139 132 137
169326 l 78 127 142 136 144
169384 l 75 129 141 135 152
169444 l 72 134 142 141 154
169503 l 69 131 144 144 153
169563 l 66 137 151 148 157
169622 l 63 140 152 150 162
169680 l 60 142 157 154 167
169740 l 57 146 163 163 174
169799 l 54 157 167 168 180
169859 l 51 166 174 179 190
169917 l 48 170 181 186 198
169976 l 45 177 190 197 201
170036 l 42 178 192 201 199
170095 l 39 178 190 198 197
170155 l 36 176 188 199 190
170213 l 33 173 177 194 180
170272 l 30 163 175 183 175
170332 l 27 160 167 178 166
170391 l 24 152 162 173 159
170450 l 21 147 158 167 151
170510 l 18 142 155 161 150
170568 l 15 143 148 159 146
170628 l 12 138 147 156 145
170687 l 9 135 146 153 146
170746 l 6 137 142 152 138
170806 l 3 130 140 149 141
171365 l 0 124 133 143 127
171396 l 3 127 132 146 130
171441 l 6 126 131 142 133
171500 l 9 131 137 150 136
171559 l 12 134 140 151 140
171619 l 15 133 142 152 144
171678 l 18 137 141 154 142
171738 l 21 136 150 159 146
171797 l 24 142 147 162 147
171856 l 27 148 152 165 152
171916 l 30 146 153 171 157
171975 l 33 152 158 172 160
172035 l 36 157 167 181 171
172095 l 39 165 169 186 176
172154 l 42 171 178 196 182
172213 l 45 175 182 202 193
172273 l 48 180 190 203 198
172333 l 51 179 193 198 199
172392 l 54 180 192 197 196
172450 l 57 172 189 180 192
172511 l 60 164 177 176 181
172570 l 63 157 168 166 175
172630 l 66 148 161 159 168
172689 l 69 143 156 155 163
172748 l 72 140 150 151 160
172808 l 75 134 147 147 158
172867 l 78 132 145 141 152
172926 l 81 132 147 140 152
172986 l 84 132 145 140 147
173045 l 87 128 142 137 139
173105 l 90 124 142 132 141
173164 l 93 125 137 130 139
173223 l 96 126 137 129 139
173283 l 99 127 139 134 144
173342 l 102 131 142 137 149
173402 l 105 133 146 142 152
173461 l 108 135 144 139 157
173520 l 111 134 147 143 156
173580 l 114 137 151 144 158
173639 l 117 143 160 144 167
173699 l 120 145 159 151 170
173758 l 123 149 164 153 176
173817 l 126 158 167 157 181
173877 l 129 165 177 165 189
173936 l 132 173 181 173 193
173996 l 135 182 187 180 198
174055 l 138 185 193 187 202
174115 l 141 186 185 186 205
174175 l 144 186 183 189 203
174234 l 147 182 179 186 201
174294 l 150 181 168 183 195
174353 l 153 172 160 172 182
174412 l 156 168 152 163 177
174472 l 159 158 148 154 169
174531 l 162 156 145 149 166
174590 l 165 148 137 144 159
174650 l 168 147 139 143 159
174709 l 171 145 136 140 157
174769 l 174 143 134 137 156
174828 l 177 142 131 134 152
175387 l 180 135 127 131 145
175419 l 177 136 130 131 147
175451 l 174 138 128 129 145
175482 l 171 138 130 133 152
175542 l 168 142 136 134 155
175601 l 165 143 134 140 156
175661 l 162 144 137 142 158
175720 l 159 147 135 142 163
175779 l 156 147 139 146 165
175839 l 153 152 146 150 173
175898 l 150 157 148 154 176
175958 l 147 160 154 163 184
176017 l 144 171 156 169 193
176076 l 141 177 166 176 200
176136 l 138 183 174 185 206
176195 l 135 186 182 188 208
176254 l 132 186 187 186 207
176314 l 129 187 189 186 200
176373 l 126 177 188 180 195
176433 l 123 169 183 170 186
176492 l 120 158 176 164 180
176551 l 117 153 169 156 175
176611 l 114 148 164 153 169
176670 l 111 143 160 149 160
176730 l 108 140 153 146 159
176789 l 105 136 148 141 154
176848 l 102 136 147 141 156
176908 l 99 138 145 143 153
176967 l 96 136 146 138 149
177027 l 93 130 141 133 142
177086 l 90 128 138 130 137
177145 l 87 126 140 128 136
177205 l 84 125 139 129 137
177264 l 81 124 139 132 141
177324 l 78 128 143 138 148
177384 l 75 131 145 136 147
177442 l 72 133 147 143 156
177502 l 69 131 148 145 156
177562 l 66 136 151 146 156
177622 l 63 138 154 147 163
177681 l 60 146 154 156 170
177739 l 57 147 164 162 176
177800 l 54 157 168 165 185
177859 l 51 162 177 175 190
177918 l 48 167 181 184 197
177978 l 45 176 188 192 196
178037 l 42 181 192 202 195
178097 l 39 179 192 202 195
178156 l 36 178 189 202 187
178215 l 33 173 179 197 177
178275 l 30 168 169 186 171
178334 l 27 160 165 181 160
178394 l 24 152 159 174 156
178453 l 21 146 154 172 151
178512 l 18 143 152 164 147
178572 l 15 140 148 160 144
178631 l 12 139 145 157 144
178691 l 9 137 143 156 143
178750 l 6 135 141 153 137
178809 l 3 134 141 150 136
179369 l 0 125 133 145 130
179400 l 3 126 135 144 130
179449 l 6 126 130 147 132
179509 l 9 126 134 148 131
179568 l 12 132 139 154 137
179628 l 15 137 139 153 139
179687 l 18 136 144 157 140
179745 l 21 134 147 157 147
179805 l 24 136 148 164 145
179864 l 27 141 152 169 150
179923 l 30 148 158 172 154
179983 l 33 152 164 177 159
180042 l 36 159 164 186 167
180101 l 39 161 176 195 173
180160 l 42 167 181 201 185
180219 l 45 173 186 202 190
180279 l 48 181 190 198 197
180338 l 51 181 191 197 201
180397 l 54 175 189 187 197
180456 l 57 173 183 178 198
180515 l 60 163 181 169 191
180575 l 63 156 168 165 180
180634 l 66 149 163 156 175
180694 l 69 143 158 150 166
180752 l 72 142 152 144 163
180811 l 75 136 150 141 158
180871 l 78 132 150 142 154
180929 l 81 133 146 139 154
180988 l 84 125 144 135 149
181048 l 87 127 142 133 146
181107 l 90 123 137 130 140
181167 l 93 126 139 131 136
181226 l 96 126 138 128 139
181284 l 99 126 140 137 138
181344 l 102 128 143 140 146
181403 l 105 130 140 141 151
181463 l 108 130 147 143 154
181522 l 111 134 149 144 156
181580 l 114 139 154 148 155
181640 l 117 141 154 150 162
181699 l 120 148 160 154 169
181758 l 123 147 161 160 169
181818 l 126 155 174 163 180
181876 l 129 165 178 171 187
181936 l 132 171 190 181 193
181995 l 135 178 188 187 199
182054 l 138 180 188 188 204
182114 l 141 187 189 192 205
182172 l 144 190 181 185 204
182232 l 147 184 173 179 205
182291 l 150 177 168 168 192
182350 l 153 174 161 163 188
182410 l 156 165 152 156 181
182469 l 159 157 147 150 171
182528 l 162 156 145 148 170
182587 l 165 150 141 141 165
182646 l 168 147 136 138 160
182706 l 171 147 137 137 157
182765 l 174 145 131 138 157
182823 l 177 141 131 136 151
183384 l 180 134 128 129 146
183414 l 177 138 126 129 148
183475 l 174 138 125 132 151
183534 l 171 137 130 134 152
183593 l 168 142 134 137 155
183653 l 165 142 131 138 157
183712 l 162 145 136 141 157
183771 l 159 141 139 140 161
183830 l 156 152 138 146 164
183889 l 153 154 146 151 174
183949 l 150 158 149 158 175
184008 l 147 159 151 161 180
184068 l 144 171 156 169 187
184126 l 141 175 167 178 195
184185 l 138 185 176 186 201
184245 l 135 188 186 190 203
184304 l 132 184 189 192 208
184363 l 129 184 189 185 201
184422 l 126 175 188 176 197
184481 l 123 171 183 172 188
184541 l 120 162 175 164 182
184600 l 117 156 171 157 176
184659 l 114 149 163 152 169
184718 l 111 146 156 151 164
184777 l 108 144 152 146 160
184837 l 105 139 151 144 155
184896 l 102 136 149 144 155
184955 l 99 137 146 140 155
185014 l 96 132 142 140 152
185073 l 93 129 139 135 143
185133 l 90 128 141 128 140
185192 l 87 126 138 128 139
185251 l 84 124 139 133 135
185310 l 81 123 139 134 139
185369 l 78 125 138 136 143
185428 l 75 128 142 141 150
185488 l 72 131 145 139 150
185547 l 69 131 145 141 152
185606 l 66 136 149 142 156
185665 l 63 142 155 147 164
185724 l 60 140 157 153 167
185784 l 57 147 163 160 173
185843 l 54 156 169 168 184
185902 l 51 166 171 176 191
185961 l 48 170 182 187 195
186020 l 45 180 186 194 195
186080 l 42 181 191 198 198
186139 l 39 180 189 199 194
186198 l 36 175 183 199 186
186257 l 33 175 180 195 177
186316 l 30 165 176 188 172
186376 l 27 158 167 178 164
186435 l 24 153 159 172 156
186494 l 21 152 155 166 154
186553 l 18 146 152 161 147
186612 l 15 144 147 158 149
186672 l 12 138 146 155 144
186731 l 9 137 146 151 141
186790 l 6 132 141 151 140
186849 l 3 131 139 149 137
187408 l 0 126 134 144 129
187440 l 3 125 133 143 131
187493 l 6 127 132 144 132
187552 l 9 131 134 147 137
187612 l 12 134 142 150 142
187671 l 15 133 140 149 142
187730 l 18 136 143 154 142
187790 l 21 138 145 157 145
187849 l 24 141 146 160 146
187909 l 27 143 150 164 153
187968 l 30 149 153 170 156
188027 l 33 150 159 173 163
188087 l 36 157 168 177 171
188146 l 39 160 170 188 179
188206 l 42 168 181 195 184
188265 l 45 171 186 197 198
188325 l 48 176 191 202 199
188384 l 51 178 193 201 202
188443 l 54 178 188 193 199
188504 l 57 171 183 185 191
188563 l 60 165 179 178 185
188622 l 63 158 171 167 177
188682 l 66 146 163 160 169
188741 l 69 148 158 156 165
188801 l 72 137 153 150 161
188860 l 75 135 150 148 155
188919 l 78 134 146 141 149
188979 l 81 133 148 140 149
189038 l 84 131 144 139 148
189097 l 87 129 143 138 141
189157 l 90 127 140 135 139
189216 l 93 124 139 132 140
189276 l 96 122 139 131 139
189335 l 99 127 141 127 145
189394 l 102 127 141 136 150
189454 l 105 133 146 139 149
189513 l 108 134 148 144 154
189573 l 111 137 150 141 158
189632 l 114 137 149 145 161
189691 l 117 145 153 146 167
189751 l 120 146 158 146 168
189810 l 123 152 167 151 176
189871 l 126 157 170 158 180
189930 l 129 165 178 163 185
189989 l 132 169 180 172 195
190049 l 135 178 189 180 202
190108 l 138 185 188 186 207
190168 l 141 189 190 190 207
190227 l 144 187 182 191 203
190286 l 147 187 177 186 200
190346 l 150 179 166 178 190
190405 l 153 174 160 172 183
190465 l 156 166 154 161 176
190524 l 159 161 144 159 172
190583 l 162 155 144 153 165
190643 l 165 151 141 147 162
190702 l 168 149 138 146 159
190761 l 171 146 139 141 154
190821 l 174 144 136 138 155
190880 l 177 140 133 138 150
191440 l 180 134 127 130 145
191471 l 177 135 126 128 145
191526 l 174 137 127 130 148
191586 l 171 138 131 137 148
191645 l 168 142 133 135 153
191705 l 165 146 132 138 156
191763 l 162 145 137 137 160
191822 l 159 148 137 143 160
191882 l 156 147 141 148 166
191941 l 153 154 143 150 168
192001 l 150 156 147 153 173
192059 l 147 162 154 163 179
192118 l 144 171 157 169 183
192178 l 141 177 167 180 195
192237 l 138 187 172 185 200
192295 l 135 188 177 188 204
192355 l 132 188 188 189 206
192414 l 129 186 191 186 202
192474 l 126 176 187 178 200
192533 l 123 168 185 169 192
192592 l 120 161 177 165 186
192651 l 117 152 169 155 177
192710 l 114 145 163 155 172
192770 l 111 144 158 148 163
192829 l 108 142 154 146 163
192888 l 105 139 149 146 158
192948 l 102 134 150 142 155
193006 l 99 135 146 142 153
193065 l 96 131 143 136 153
193125 l 93 133 144 137 145
193183 l 90 127 140 129 141
193243 l 87 124 137 129 140
193302 l 84 125 138 131 140
193361 l 81 125 140 134 136
193421 l 78 128 144 137 144
193480 l 75 131 145 138 146
193539 l 72 130 144 142 152
193598 l 69 130 145 146 156
193657 l 66 135 149 144 159
193717 l 63 140 152 148 162
193776 l 60 141 152 152 167
193836 l 57 149 163 162 171
193894 l 54 155 173 169 181
193953 l 51 166 179 174 186
194013 l 48 167 182 186 196
194072 l 45 178 188 192 196
194131 l 42 180 188 199 197
194190 l 39 179 192 205 199
194249 l 36 177 189 202 189
194309 l 33 170 181 193 182
194368 l 30 165 173 186 173
194427 l 27 156 166 173 164
194486 l 24 152 157 172 159
194545 l 21 152 157 166 153
194605 l 18 143 152 164 152
194664 l 15 142 149 159 146
194722 l 12 141 142 160 145
194782 l 9 135 143 153 141
194841 l 6 131 142 151 140
194900 l 3 134 139 149 138
195460 l 0 124 131 142 128
195491 l 3 124 133 145 130
195552 l 6 126 136 145 129
195610 l 9 129 134 151 134
195670 l 12 131 140 153 138
195729 l 15 135 141 153 141
195788 l 18 137 144 157 144
195848 l 21 140 147 158 144
195907 l 24 139 147 160 146
195965 l 27 139 150 167 148
196025 l 30 150 152 173 157
196084 l 33 150 158 180 161
196144 l 36 156 165 186 168
196203 l 39 163 176 195 175
196262 l 42 171 180 202 183
196321 l 45 174 185 202 188
196380 l 48 180 188 200 197
196440 l 51 179 189 196 198
196499 l 54 177 189 186 200
196557 l 57 171 187 176 193
196617 l 60 160 180 170 191
196676 l 63 155 170 163 181
196736 l 66 149 159 155 175
196795 l 69 144 158 148 170
196853 l 72 140 150 145 161
196913 l 75 137 147 143 158
196972 l 78 133 148 138 153
197031 l 81 134 144 135 147
197091 l 84 131 142 136 148
197150 l 87 127 142 133 141
197209 l 90 126 140 133 139
197268 l 93 127 139 128 140
197327 l 96 124 141 131 139
197387 l 99 129 142 138 142
197446 l 102 127 141 139 147
197505 l 105 131 144 144 154
197564 l 108 132 144 143 153
197623 l 111 138 148 144 153
197683 l 114 140 151 141 160
197742 l 117 143 153 149 161
197801 l 120 147 160 154 166
197860 l 123 151 163 158 172
197919 l 126 156 168 164 178
197979 l 129 163 175 170 188
198038 l 132 172 184 180 192
198097 l 135 180 188 187 198
198157 l 138 180 189 190 204
198215 l 141 185 186 194 205
198275 l 144 190 186 188 206
198334 l 147 182 175 179 200
198393 l 150 180 169 169 194
198453 l 153 174 156 163 183
198511 l 156 164 152 154 180
198571 l 159 159 145 152 171
198630 l 162 157 146 150 166
198688 l 165 150 141 144 164
198748 l 168 147 138 140 161
198807 l 171 148 133 136 156
198866 l 174 144 132 135 157
198926 l 177 141 132 133 154
199485 l 180 138 125 131 148
199517 l 177 135 125 129 147
199565 l 174 139 129 129 151
199624 l 171 139 131 133 152
199684 l 168 142 133 137 153
199743 l 165 142 133 136 157
199802 l 162 148 133 139 158
199862 l 159 146 138 139 164
199921 l 156 152 140 145 169
199981 l 153 159 142 147 171
200040 l 150 159 147 152 176
200099 l 147 163 155 155 183
200159 l 144 173 157 165 192
200218 l 141 179 165 170 201
200279 l 138 183 177 180 205
200338 l 135 186 183 189 205
200396 l 132 188 188 190 204
200456 l 129 185 189 188 201
200515 l 126 177 189 186 192
200576 l 123 170 182 179 185
200635 l 120 160 176 172 180
200694 l 117 158 169 162 174
200754 l 114 151 162 155 170
200813 l 111 144 162 156 165
200872 l 108 141 154 148 161
200932 l 105 137 153 145 160
200991 l 102 135 149 144 155
201051 l 99 137 146 143 154
201110 l 96 133 144 141 148
201169 l 93 131 141 139 141
201229 l 90 126 136 132 139
201288 l 87 123 137 130 142
201348 l 84 124 139 129 137
201407 l 81 124 139 129 140
201466 l 78 127 143 136 148
201526 l 75 129 143 139 151
201585 l 72 132 143 138 153
201645 l 69 130 145 138 157
201704 l 66 134 148 142 157
201764 l 63 137 152 145 164
201824 l 60 144 156 150 170
201882 l 57 146 161 153 174
201942 l 54 158 166 162 186
202002 l 51 164 177 167 190
202061 l 48 174 186 176 194
202121 l 45 178 190 184 203
202180 l 42 184 195 193 197
202240 l 39 176 189 201 192
202299 l 36 176 187 197 186
202358 l 33 171 182 201 177
202418 l 30 162 175 196 170
202477 l 27 156 168 186 162
202536 l 24 152 159 178 155
202596 l 21 149 155 173 152
202655 l 18 141 151 166 148
202715 l 15 140 149 159 149
202774 l 12 139 145 160 144
202833 l 9 135 142 159 140
202893 l 6 135 142 155 138
202952 l 3 134 137 150 139
203512 l 0 129 135 143 131
203543 l 3 125 133 144 130
203603 l 6 127 133 146 133
203663 l 9 128 135 148 130
203721 l 12 133 138 151 134
203781 l 15 132 139 149 141
203840 l 18 138 142 155 142
203899 l 21 138 146 159 143
203959 l 24 139 144 163 142
204018 l 27 145 153 169 151
204077 l 30 149 160 170 152
204136 l 33 152 161 179 160
204195 l 36 157 169 186 164
204255 l 39 162 174 193 171
204314 l 42 169 181 204 177
204374 l 45 175 185 205 186
204432 l 48 177 192 202 193
204491 l 51 184 192 196 201
204551 l 54 176 189 184 198
204610 l 57 170 185 179 199
204669 l 60 162 178 170 188
204729 l 63 156 171 162 178
204787 l 66 150 165 155 176
204847 l 69 142 161 150 168
204906 l 72 138 155 148 164
204965 l 75 134 150 141 159
205025 l 78 136 144 138 154
205083 l 81 134 147 136 152
205143 l 84 130 141 139 150
205202 l 87 130 142 134 148
205261 l 90 127 138 130 140
205321 l 93 127 141 130 139
205380 l 96 126 139 128 137
205438 l 99 126 139 136 139
205498 l 102 130 143 141 142
205557 l 105 132 145 142 152
205617 l 108 136 145 144 156
205675 l 111 138 146 140 151
205734 l 114 139 155 147 158
205794 l 117 143 154 149 159
205853 l 120 145 158 153 165
205913 l 123 150 165 158 171
205971 l 126 154 172 162 172
206030 l 129 162 176 175 183
206090 l 132 169 179 178 188
206149 l 135 180 182 189 198
206209 l 138 183 190 191 204
206267 l 141 189 185 191 204
206326 l 144 187 185 185 205
206386 l 147 186 176 176 201
206445 l 150 179 166 172 195
206504 l 153 172 159 162 186
206564 l 156 165 150 157 184
206623 l 159 161 147 150 176
206682 l 162 156 143 146 170
206741 l 165 148 140 141 163
206800 l 168 151 136 139 162
206860 l 171 145 136 138 162
206919 l 174 144 135 136 159
206978 l 177 143 136 131 156
207538 l 180 137 129 131 145
207568 l 177 137 128 128 146
207629 l 174 135 130 128 145
207688 l 171 136 131 132 148
207748 l 168 140 132 134 152
207807 l 165 143 132 138 157
207865 l 162 143 137 138 159
207925 l 159 149 137 143 159
207984 l 156 148 142 145 165
208044 l 153 156 145 152 170
208103 l 150 159 147 158 172
208162 l 147 164 153 162 179
208221 l 144 170 159 168 186
208280 l 141 178 166 180 195
208339 l 138 180 168 186 200
208399 l 135 189 185 192 207
208457 l 132 187 186 188 206
208517 l 129 180 186 185 202
208576 l 126 178 188 179 196
208635 l 123 171 181 171 188
208695 l 120 161 179 163 186
208754 l 117 155 171 157 177
208813 l 114 149 167 152 170
208872 l 111 145 161 146 168
208931 l 108 142 155 145 159
208991 l 105 139 151 143 158
209050 l 102 136 150 142 154
209108 l 99 135 146 143 152
209168 l 96 133 144 139 152
209227 l 93 129 144 136 146
209287 l 90 129 138 129 138
209345 l 87 125 138 131 137
209404 l 84 126 140 129 137
209464 l 81 125 139 132 137
209523 l 78 128 140 139 143
209583 l 75 127 141 138 149
209642 l 72 131 144 143 152
209700 l 69 131 144 141 154
209760 l 66 135 152 148 156
209819 l 63 139 150 149 163
209879 l 60 146 157 154 163
209938 l 57 147 163 163 175
209997 l 54 158 169 169 182
210056 l 51 165 178 175 191
210115 l 48 172 183 185 193
210174 l 45 178 188 194 198
210234 l 42 185 191 202 201
210293 l 39 183 186 199 196
210353 l 36 179 187 201 193
210411 l 33 169 182 193 178
210470 l 30 164 178 185 171
210530 l 27 159 166 178 164
210589 l 24 149 160 171 157
210649 l 21 145 154 166 152
210707 l 18 145 149 165 149
210766 l 15 143 146 158 145
210826 l 12 142 144 153 144
210885 l 9 138 142 153 142
210945 l 6 132 140 152 139
211004 l 3 134 137 150 135
211563 l 0 124 134 143 125
211594 l 3 124 134 145 128
211654 l 6 125 131 145 129
211714 l 9 130 136 150 135
211773 l 12 132 138 151 138
211832 l 15 133 141 153 139
211892 l 18 137 145 159 141
211951 l 21 139 146 157 146
212009 l 24 141 147 162 145
212069 l 27 143 151 170 150
212128 l 30 144 155 172 149
212188 l 33 148 159 175 161
212246 l 36 153 164 187 168
212305 l 39 162 174 197 177
212365 l 42 171 178 202 184
212424 l 45 174 183 202 191
212484 l 48 179 188 198 199
212542 l 51 177 190 195 198
212601 l 54 176 188 187 195
212661 l 57 172 191 176 191
212720 l 60 165 178 169 189
212780 l 63 151 165 162 178
212839 l 66 152 166 153 170
212898 l 69 146 157 151 162
212957 l 72 141 152 144 162
213016 l 75 134 150 143 154
213075 l 78 133 144 141 154
213135 l 81 131 145 139 148
213194 l 84 130 140 136 150
213253 l 87 129 141 136 141
213312 l 90 125 140 131 139
213371 l 93 123 140 131 137
213431 l 96 125 141 128 138
213489 l 99 127 141 135 144
213549 l 102 133 138 138 149
213608 l 105 133 144 142 155
213667 l 108 136 147 143 154
213727 l 111 133 149 140 155
213786 l 114 139 152 147 159
213844 l 117 144 157 151 163
213904 l 120 148 157 152 166
213963 l 123 152 164 158 174
214023 l 126 156 170 162 178
214081 l 129 164 176 172 185
214140 l 132 169 183 178 193
214200 l 135 182 186 187 197
214259 l 138 184 189 192 205
214319 l 141 187 189 186 209
214377 l 144 190 183 184 201
214436 l 147 186 177 178 200
214496 l 150 179 168 173 192
214555 l 153 174 162 160 181
214615 l 156 166 153 157 178
214673 l 159 158 149 148 172
214732 l 162 152 146 146 163
214792 l 165 151 139 145 164
214851 l 168 149 137 140 160
214910 l 171 142 133 140 159
214969 l 174 144 133 134 157
215028 l 177 141 130 132 151
215588 l 180 132 127 128 146
215619 l 177 135 129 124 148
215680 l 174 138 127 132 149
215739 l 171 141 128 134 155
215798 l 168 142 131 136 156
215858 l 165 145 132 141 155
215917 l 162 144 134 140 159
215976 l 159 147 136 144 161
216036 l 156 151 138 145 167
216095 l 153 154 144 150 172
216155 l 150 159 147 154 173
216214 l 147 164 154 164 184
216273 l 144 172 161 169 189
216333 l 141 175 167 178 198
216392 l 138 184 173 186 203
216452 l 135 188 181 190 205
216511 l 132 185 188 188 205
216570 l 129 181 190 188 202
216630 l 126 173 190 181 193
216689 l 123 169 185 170 186
216749 l 120 164 177 165 180
216808 l 117 157 174 157 170
216867 l 114 149 164 151 171
216927 l 111 148 156 151 167
216986 l 108 143 153 146 159
217046 l 105 136 153 145 157
217105 l 102 136 149 143 156
217164 l 99 130 145 141 151
217224 l 96 134 144 141 149
217283 l 93 134 141 135 138
217342 l 90 128 140 131 139
217402 l 87 127 134 127 140
217461 l 84 125 141 131 137
217522 l 81 123 138 135 140
217580 l 78 124 139 140 146
217639 l 75 131 143 139 152
217700 l 72 132 146 139 154
217759 l 69 132 148 141 154
217819 l 66 139 149 145 157
217877 l 63 136 153 148 164
217937 l 60 146 158 156 171
217997 l 57 147 163 162 175
218056 l 54 157 168 167 188
218116 l 51 164 179 176 189
218175 l 48 173 187 186 197
218234 l 45 178 190 191 200
218294 l 42 181 193 200 199
218353 l 39 181 189 201 191
218413 l 36 177 188 200 189
218472 l 33 172 181 191 176
218531 l 30 168 174 183 169
218591 l 27 159 164 181 160
218650 l 24 150 164 170 155
218710 l 21 148 152 169 150
218769 l 18 145 151 163 148
218828 l 15 140 148 158 143
218888 l 12 139 143 156 143
218947 l 9 137 142 154 144
219006 l 6 136 141 151 137
219066 l 3 133 138 149 137
219625 l 0 126 137 145 128
219657 l 3 126 137 143 127
219706 l 6 122 135 145 131
219765 l 9 127 133 154 134
219825 l 12 135 137 152 136
219884 l 15 136 142 156 141
219942 l 18 138 143 157 142
220002 l 21 138 145 160 144
220061 l 24 141 146 164 146
220121 l 27 142 153 168 150
220180 l 30 148 157 172 155
220239 l 33 152 162 180 161
220299 l 36 157 166 187 168
220357 l 39 166 175 193 173
220417 l 42 172 182 200 182
220476 l 45 175 186 203 188
220535 l 48 179 192 202 194
220595 l 51 179 194 193 200
220653 l 54 176 189 190 199
220712 l 57 168 182 176 196
220772 l 60 164 180 169 187
220831 l 63 156 170 159 180
220891 l 66 151 166 158 173
220950 l 69 144 160 149 170
221008 l 72 139 155 142 162
221068 l 75 141 151 143 158
221127 l 78 135 147 139 155
221187 l 81 132 145 139 154
221245 l 84 128 144 139 148
221304 l 87 127 141 133 144
221364 l 90 127 141 132 140
221423 l 93 124 138 128 139
221481 l 96 125 139 130 139
221541 l 99 127 140 135 139
221600 l 102 129 141 141 148
221660 l 105 133 145 138 150
221719 l 108 132 146 141 150
221778 l 111 137 149 143 152
221837 l 114 136 152 147 159
221896 l 117 137 155 150 161
221956 l 120 145 160 150 164
222015 l 123 149 163 158 171
222074 l 126 157 170 163 175
222134 l 129 163 177 172 183
222192 l 132 170 182 181 189
222252 l 135 178 188 187 200
222311 l 138 186 194 187 203
222370 l 141 188 185 190 203
222430 l 144 188 182 187 207
222488 l 147 183 176 181 198
222547 l 150 181 166 172 197
222607 l 153 171 161 165 187
222666 l 156 166 155 157 179
222726 l 159 158 150 149 171
222784 l 162 156 145 147 168
222843 l 165 153 143 145 165
222903 l 168 147 139 140 160
222962 l 171 147 137 139 157
223022 l 174 143 132 136 155
223080 l 177 145 132 136 157
223640 l 180 134 129 128 148
223671 l 177 135 127 129 148
223731 l 174 138 128 131 147
223791 l 171 139 133 132 150
223850 l 168 142 131 135 153
223909 l 165 142 135 139 158
223969 l 162 146 138 138 161
224027 l 159 149 136 144 166
224087 l 156 147 141 145 167
224146 l 153 155 143 151 170
224205 l 150 158 147 154 176
224265 l 147 162 151 164 182
224323 l 144 169 156 170 187
224382 l 141 177 163 178 195
224442 l 138 184 167 186 201
224501 l 135 187 184 186 203
224561 l 132 191 189 191 206
224620 l 129 185 191 185 202
224678 l 126 180 188 183 194
224738 l 123 170 183 172 192
224797 l 120 164 177 167 182
224856 l 117 158 169 158 176
224915 l 114 154 161 150 171
224974 l 111 144 159 148 167
225034 l 108 142 156 148 158
225093 l 105 139 151 143 155
225152 l 102 135 149 143 153
225211 l 99 134 145 141 152
225270 l 96 130 143 138 151
225330 l 93 133 142 136 145
225389 l 90 129 143 132 141
225448 l 87 123 141 127 139
225507 l 84 126 142 127 139
225566 l 81 124 139 130 139
225626 l 78 128 142 137 144
225685 l 75 129 140 138 151
225744 l 72 128 144 142 149
225804 l 69 133 144 143 156
225862 l 66 133 152 145 159
225922 l 63 139 154 145 164
225981 l 60 139 153 155 168
226040 l 57 144 159 159 171
226100 l 54 155 171 169 187
226159 l 51 170 178 174 188
226217 l 48 170 182 187 197
226277 l 45 177 187 195 199
226336 l 42 183 188 199 198
226396 l 39 178 191 206 190
226455 l 36 176 188 199 187
226513 l 33 168 186 194 180
226573 l 30 164 176 189 170
226632 l 27 159 169 179 164
226692 l 24 153 159 169 155
226751 l 21 145 155 167 154
226809 l 18 144 150 163 151
226869 l 15 143 147 158 146
226928 l 12 138 144 155 141
226988 l 9 138 145 154 142
227046 l 6 133 143 149 141
227105 l 3 135 139 150 136
227664 l 0 127 133 145 133
227696 l 3 129 134 146 130
227749 l 6 128 133 145 134
227809 l 9 130 133 147 139
227869 l 12 136 139 153 139
227928 l 15 132 141 153 142
227987 l 18 137 143 154 141
228046 l 21 138 147 156 146
228107 l 24 141 149 159 149
228166 l 27 144 148 160 151
228225 l 30 150 154 171 151
228285 l 33 151 158 171 168
228344 l 36 157 162 180 170
228404 l 39 165 171 184 176
228463 l 42 169 177 195 187
228523 l 45 177 184 199 195
228582 l 48 178 189 202 198
228641 l 51 182 255 201 199
228701 l 54 180 191 197 198
228760 l 57 172 187 184 193
228819 l 60 167 179 173 184
228879 l 63 158 169 169 176
228938 l 66 151 162 159 169
228998 l 69 145 159 154 163
229057 l 72 141 152 150 158
229116 l 75 134 150 146 159
229176 l 78 134 143 142 154
229235 l 81 132 142 139 153
229295 l 84 130 144 136 148
229354 l 87 131 143 136 141
229413 l 90 128 138 133 138
229474 l 93 125 141 130 138
229533 l 96 124 141 128 141
229592 l 99 127 140 133 142
229651 l 102 131 143 134 148
229711 l 105 135 143 142 153
229771 l 108 134 147 138 155
229830 l 111 138 147 141 153
229890 l 114 139 152 144 161
229949 l 117 141 153 147 167
230008 l 120 148 158 149 169
230068 l 123 152 168 151 172
230127 l 126 156 171 157 183
230187 l 129 162 177 165 187
230246 l 132 171 183 167 192
230305 l 135 179 186 179 202
230365 l 138 182 187 186 205
230424 l 141 187 186 190 209
230483 l 144 188 184 194 202
230543 l 147 189 176 186 200
230602 l 150 178 170 180 189
230662 l 153 172 162 169 182
230721 l 156 167 151 162 174
230780 l 159 161 147 156 172
230840 l 162 156 145 152 168
230899 l 165 152 140 148 161
230959 l 168 148 135 141 160
231018 l 171 148 134 141 156
231078 l 174 146 135 138 155
231138 l 177 141 129 135 151
231697 l 180 133 126 129 147
231729 l 177 134 128 129 146
231784 l 174 137 129 130 148
231843 l 171 139 133 135 147
231903 l 168 143 132 134 150
231961 l 165 146 135 135 154
232020 l 162 143 138 137 156
232080 l 159 148 136 140 159
232139 l 156 150 142 147 166
232199 l 153 153 143 153 169
232257 l 150 157 148 159 174
232316 l 147 166 150 161 177
232376 l 144 168 156 170 186
232435 l 141 179 165 176 192
232495 l 138 181 172 183 202
232553 l 135 187 183 192 205
232612 l 132 186 185 189 207
232672 l 129 185 191 187 200
232731 l 126 178 190 179 199
232791 l 123 170 185 172 190
232850 l 120 164 178 164 186
232908 l 117 156 171 154 179
232968 l 114 151 164 151 174
233027 l 111 143 156 151 164
233086 l 108 139 151 145 163
233145 l 105 139 151 145 156
233204 l 102 133 147 145 156
233264 l 99 133 146 140 154
233323 l 96 133 145 140 153
233382 l 93 132 141 135 148
233442 l 90 128 139 132 144
233500 l 87 125 141 129 136
233560 l 84 124 138 131 140
233619 l 81 128 142 134 140
233678 l 78 127 141 136 147
233738 l 75 128 145 142 151
233796 l 72 131 144 139 152
233856 l 69 128 144 143 155
233915 l 66 134 149 145 158
233974 l 63 135 155 150 161
234034 l 60 145 155 154 165
234093 l 57 142 161 157 168
234151 l 54 161 171 166 177
234211 l 51 166 177 178 190
234270 l 48 172 184 188 193
234330 l 45 179 189 196 197
234388 l 42 180 190 200 198
234447 l 39 180 255 205 197
234507 l 36 176 188 199 189
234566 l 33 168 178 189 182
234626 l 30 161 174 185 174
234684 l 27 156 167 174 168
234743 l 24 155 163 172 162
234803 l 21 146 157 164 158
234862 l 18 145 154 162 148
234921 l 15 138 148 160 146
234981 l 12 137 147 153 144
235039 l 9 138 144 151 142
235099 l 6 136 141 151 141
235158 l 3 131 141 149 138
235717 l 0 127 133 146 131