2502 l 0 109 255 125 138
2533 l 3 107 255 126 136
2585 l 6 111 255 133 146
2643 l 9 120 255 150 168
2703 l 12 143 255 180 180
2762 l 15 166 184 257 143
2822 l 18 144 155 442 125
2880 l 21 131 144 465 123
2939 l 24 136 143 442 123
2999 l 27 135 147 409 128
3057 l 30 142 150 357 129
3117 l 33 146 151 310 133
3176 l 36 149 159 274 136
3235 l 39 157 164 252 143
3295 l 42 160 171 232 148
3354 l 45 166 177 217 161
3412 l 48 163 182 199 172
3472 l 51 165 193 185 181
3531 l 54 161 255 175 182
3590 l 57 156 255 166 182
3649 l 60 143 255 161 182
3708 l 63 139 255 156 176
3768 l 66 132 255 149 166
3827 l 69 126 255 144 165
3887 l 72 124 255 140 158
3946 l 75 121 255 136 154
4005 l 78 115 255 134 151
4065 l 81 112 255 132 148
4124 l 84 113 255 130 145
4184 l 87 109 255 128 140
4243 l 90 110 255 123 138
4302 l 93 106 255 124 139
4362 l 96 109 255 126 135
4421 l 99 109 255 129 141
4481 l 102 110 255 128 141
4540 l 105 111 255 132 146
4599 l 108 113 255 133 145
4659 l 111 116 255 135 150
4718 l 114 116 255 138 157
4777 l 117 120 255 141 154
4837 l 120 123 255 143 158
4896 l 123 124 255 155 162
4956 l 126 128 255 155 170
5015 l 129 133 255 163 175
5074 l 132 142 255 168 184
5134 l 135 151 255 172 191
5193 l 138 158 255 175 202
5253 l 141 168 191 170 215
5312 l 144 171 178 168 227
5371 l 147 175 169 157 241
5431 l 150 175 157 147 262
5490 l 153 171 155 144 282
5550 l 156 168 148 137 318
5609 l 159 167 143 131 358
5668 l 162 158 141 128 410
5728 l 165 152 136 125 444
5787 l 168 151 132 121 469
5847 l 171 147 131 122 481
5906 l 174 144 131 118 485
5965 l 177 139 126 120 484
6524 l 180 134 125 113 480
6556 l 177 134 125 116 482
6608 l 174 137 121 116 478
6667 l 171 138 125 114 484
6726 l 168 142 128 119 483
6786 l 165 146 131 121 485
6845 l 162 146 129 123 483
6904 l 159 151 134 124 469
6963 l 156 155 135 129 433
7022 l 153 157 140 128 397
7081 l 150 163 143 136 348
7141 l 147 168 150 141 300
7200 l 144 172 152 147 277
7259 l 141 177 158 157 253
7318 l 138 175 168 165 232
7377 l 135 173 176 172 220
7437 l 132 165 185 176 212
7496 l 129 160 255 171 200
7555 l 126 147 255 166 185
7614 l 123 142 255 163 180
7673 l 120 134 255 154 173
7733 l 117 133 255 152 166
7792 l 114 127 255 142 162
7851 l 111 122 255 144 158
7910 l 108 118 255 141 151
7969 l 105 118 255 135 150
8029 l 102 115 255 133 146
8088 l 99 113 255 133 144
8146 l 96 111 255 131 142
8206 l 93 111 255 126 141
8265 l 90 109 255 129 139
8324 l 87 110 255 128 137
8383 l 84 109 255 126 140
8442 l 81 110 255 131 142
8502 l 78 109 255 130 142
8561 l 75 114 255 132 144
8620 l 72 115 255 133 149
8679 l 69 114 255 136 151
8738 l 66 119 255 141 158
8798 l 63 121 255 146 163
8857 l 60 125 255 150 166
8916 l 57 125 255 159 173
8975 l 54 135 255 164 180
9034 l 51 143 255 168 184
9094 l 48 144 255 176 186
9153 l 45 157 255 190 178
9212 l 42 167 255 202 171
9271 l 39 165 186 217 161
9330 l 36 169 181 239 152
9390 l 33 164 175 259 146
9448 l 30 155 166 292 138
9507 l 27 147 160 318 135
9567 l 24 142 155 370 131
9626 l 21 141 153 420 128
9686 l 18 138 147 454 124
9745 l 15 133 146 468 119
9803 l 12 133 142 481 118
9863 l 9 128 142 481 121
9922 l 6 127 138 481 115
9981 l 3 123 137 471 113
10541 l 0 122 135 473 112
10572 l 3 123 134 469 112
10603 l 6 121 137 467 113
10662 l 9 123 136 471 114
10722 l 12 127 138 478 116
10781 l 15 126 137 479 118
10841 l 18 130 145 481 121
10900 l 21 133 144 475 119
10959 l 24 135 146 461 122
11019 l 27 137 146 429 127
11078 l 30 139 152 382 130
11138 l 33 147 157 337 130
11197 l 36 152 160 297 136
11256 l 39 158 165 266 142
11316 l 42 161 171 240 153
11375 l 45 166 181 224 158
11435 l 48 167 187 209 167
11494 l 51 164 255 196 175
11553 l 54 161 255 184 183
11613 l 57 155 255 177 182
11672 l 60 147 255 164 186
11731 l 63 140 255 159 179
11791 l 66 132 255 150 172
11850 l 69 126 255 149 166
11910 l 72 120 255 144 160
11969 l 75 117 255 140 153
12028 l 78 117 255 139 148
12088 l 81 114 255 133 146
12147 l 84 114 255 130 144
12207 l 87 111 255 129 142
12266 l 90 109 255 128 142
12325 l 93 108 255 124 138
12385 l 96 108 255 123 137
12444 l 99 109 255 130 138
12505 l 102 110 255 127 141
12563 l 105 113 255 130 145
12622 l 108 110 255 133 144
12682 l 111 118 255 135 149
12742 l 114 118 255 138 153
12802 l 117 118 255 141 154
12860 l 120 122 255 143 159
12919 l 123 125 255 148 166
12980 l 126 131 255 152 168
13039 l 129 132 255 161 176
13097 l 132 142 255 169 181
13158 l 135 151 255 172 191
13217 l 138 161 193 173 204
13277 l 141 168 190 173 213
13336 l 144 172 181 168 228
13395 l 147 174 171 164 243
13455 l 150 174 162 152 260
13514 l 153 173 155 145 285
13574 l 156 170 149 139 322
13633 l 159 164 144 132 367
13692 l 162 161 140 128 413
13752 l 165 153 137 124 443
13811 l 168 149 135 124 476
13871 l 171 145 133 121 487
13930 l 174 143 128 120 486
13989 l 177 138 129 121 483
14550 l 180 136 126 114 482
14580 l 177 136 128 115 482
14612 l 174 136 126 115 479
14660 l 171 138 126 118 480
14718 l 168 141 128 119 485
14778 l 165 144 129 118 484
14837 l 162 148 132 120 470
14897 l 159 149 134 126 448
14956 l 156 154 136 128 419
15014 l 153 158 139 131 372
15074 l 150 164 145 140 322
15133 l 147 168 150 140 288
15193 l 144 173 153 149 262
15252 l 141 178 160 156 246
15311 l 138 173 167 166 227
15370 l 135 172 183 169 211
15429 l 132 160 190 173 205
15489 l 129 157 255 171 193
15548 l 126 149 255 168 180
15607 l 123 144 255 161 176
15667 l 120 135 255 159 170
15725 l 117 128 255 151 162
15784 l 114 127 255 146 157
15844 l 111 125 255 142 157
15903 l 108 120 255 142 154
15962 l 105 117 255 135 153
16021 l 102 114 255 133 148
16080 l 99 113 255 130 143
16140 l 96 112 255 130 142
16198 l 93 110 255 126 141
16258 l 90 109 255 125 138
16317 l 87 112 255 126 140
16376 l 84 108 255 123 141
16436 l 81 114 255 130 140
16495 l 78 109 255 133 145
16553 l 75 112 255 136 150
16613 l 72 117 255 137 150
16672 l 69 117 255 136 154
16732 l 66 118 255 140 158
16791 l 63 122 255 147 166
16849 l 60 124 255 151 172
16909 l 57 132 255 156 178
16968 l 54 137 255 160 183
17028 l 51 142 255 169 182
17087 l 48 149 255 175 183
17145 l 45 155 255 189 180
17205 l 42 162 255 203 170
17264 l 39 166 191 217 161
17324 l 36 164 180 233 152
17383 l 33 163 173 257 143
17441 l 30 160 164 288 135
17501 l 27 149 157 320 131
17560 l 24 146 154 375 131
17619 l 21 145 151 421 127
17679 l 18 138 145 455 123
17737 l 15 136 144 473 119
17797 l 12 131 140 476 117
17856 l 9 128 139 477 115
17915 l 6 127 138 473 116
17974 l 3 126 136 473 113
18534 l 0 121 135 470 112
18565 l 3 122 136 475 112
18596 l 6 121 135 474 112
18628 l 9 122 135 470 112
18686 l 12 125 135 476 116
18745 l 15 128 140 482 116
18804 l 18 130 140 479 120
18865 l 21 131 141 467 122
18924 l 24 137 147 451 120
18982 l 27 137 147 408 129
19043 l 30 139 150 358 131
19102 l 33 145 151 319 133
19162 l 36 148 161 281 140
19221 l 39 159 163 258 145
19280 l 42 162 172 237 151
19340 l 45 165 176 220 159
19399 l 48 167 184 207 170
19459 l 51 163 255 190 178
19518 l 54 160 255 179 185
19577 l 57 156 255 168 185
19637 l 60 148 255 163 180
19696 l 63 141 255 156 175
19756 l 66 129 255 152 171
19815 l 69 127 255 149 165
19874 l 72 124 255 141 159
19934 l 75 118 255 139 155
19993 l 78 116 255 134 151
20052 l 81 115 255 131 148
20112 l 84 115 255 133 144
20172 l 87 110 255 128 142
20231 l 90 110 255 125 140
20290 l 93 109 255 128 139
20350 l 96 108 255 125 137
20410 l 99 110 255 129 137
20468 l 102 111 255 131 141
20529 l 105 112 255 135 145
20588 l 108 112 255 134 147
20647 l 111 116 255 136 147
20707 l 114 115 255 141 152
20766 l 117 117 255 143 156
20826 l 120 124 255 146 160
20885 l 123 126 255 150 163
20944 l 126 131 255 154 169
21004 l 129 132 255 163 178
21063 l 132 144 255 168 181
21123 l 135 148 255 176 194
21182 l 138 158 255 173 203
21241 l 141 166 190 173 210
21301 l 144 174 185 164 229
21360 l 147 177 168 157 242
21420 l 150 174 158 151 261
21479 l 153 174 155 143 286
21538 l 156 169 146 142 320
21598 l 159 161 141 133 355
21658 l 162 158 141 127 405
21716 l 165 153 138 127 440
21776 l 168 150 134 123 472
21836 l 171 144 133 124 481
21896 l 174 145 129 119 485
21954 l 177 141 127 117 487
22514 l 180 138 123 110 478
22545 l 177 136 123 113 482
22592 l 174 136 125 116 474
22651 l 171 138 126 118 484
22711 l 168 141 127 121 483
22770 l 165 141 132 121 483
22830 l 162 148 132 122 479
22889 l 159 151 134 128 461
22947 l 156 152 140 130 433
23007 l 153 160 141 131 390
23066 l 150 165 144 133 344
23126 l 147 171 148 142 298
23185 l 144 173 153 146 276
23244 l 141 176 163 157 255
23303 l 138 175 170 165 235
23362 l 135 172 182 171 219
23421 l 132 168 187 174 209
23481 l 129 160 255 170 199
23540 l 126 149 255 170 187
23600 l 123 144 255 162 179
23658 l 120 138 255 157 170
23717 l 117 132 255 152 164
23777 l 114 126 255 146 161
23836 l 111 123 255 140 160
23896 l 108 120 255 137 153
23954 l 105 115 255 135 152
24013 l 102 117 255 131 149
24073 l 99 113 255 132 148
24132 l 96 112 255 131 143
24192 l 93 111 255 126 141
24250 l 90 111 255 126 140
24309 l 87 108 255 126 134
24369 l 84 112 255 124 139
24428 l 81 111 255 131 140
24487 l 78 112 255 134 143
24546 l 75 112 255 136 146
24605 l 72 113 255 134 146
24665 l 69 117 255 137 153
24724 l 66 122 255 141 153
24783 l 63 122 255 146 164
24842 l 60 126 255 148 166
24901 l 57 131 255 153 175
24961 l 54 135 255 162 180
25020 l 51 140 255 169 183
25079 l 48 149 255 177 184
25138 l 45 158 255 192 178
25197 l 42 162 195 200 174
25256 l 39 164 192 213 163
25316 l 36 166 181 233 154
25375 l 33 166 171 257 145
25434 l 30 158 160 281 140
25493 l 27 150 161 321 134
25552 l 24 147 152 367 134
25612 l 21 141 152 419 129
25671 l 18 135 144 457 126
25730 l 15 137 145 468 121
25789 l 12 134 142 480 120
25848 l 9 128 138 474 118
25908 l 6 129 141 477 118
25967 l 3 123 135 473 114
26526 l 0 124 134 470 113
26558 l 3 124 135 470 111
26594 l 6 125 135 469 113
26653 l 9 124 134 472 111
26713 l 12 124 136 476 118
26772 l 15 129 139 477 119
26831 l 18 129 139 481 122
26891 l 21 133 142 479 121
26950 l 24 135 143 460 127
27010 l 27 140 149 427 129
27069 l 30 141 150 387 131
27128 l 33 145 155 341 135
27188 l 36 148 160 301 140
27248 l 39 160 167 267 142
27307 l 42 162 171 244 148
27366 l 45 165 178 226 160
27426 l 48 169 187 209 169
27486 l 51 163 255 196 178
27545 l 54 161 255 183 184
27604 l 57 151 255 175 183
27664 l 60 144 255 166 181
27723 l 63 136 255 161 176
27783 l 66 128 255 151 171
27842 l 69 125 255 146 161
27901 l 72 122 255 141 159
27961 l 75 120 255 140 157
28020 l 78 115 255 134 152
28080 l 81 117 255 134 151
28139 l 84 114 255 133 143
28198 l 87 111 255 135 143
28258 l 90 108 255 126 140
28317 l 93 107 255 125 139
28377 l 96 109 255 126 138
28436 l 99 109 255 128 139
28496 l 102 110 255 129 142
28555 l 105 112 255 132 147
28614 l 108 115 255 133 147
28674 l 111 116 255 133 147
28734 l 114 115 255 137 150
28793 l 117 121 255 137 156
28853 l 120 119 255 146 160
28912 l 123 126 255 148 164
28972 l 126 130 255 155 171
29031 l 129 138 255 158 180
29090 l 132 145 255 163 181
29150 l 135 151 255 174 194
29209 l 138 162 255 168 204
29268 l 141 166 189 175 213
29328 l 144 169 179 170 229
29387 l 147 178 169 166 245
29447 l 150 173 166 152 259
29506 l 153 171 155 150 284
29565 l 156 172 151 140 316
29625 l 159 164 149 135 361
29684 l 162 160 138 130 413
29744 l 165 153 135 125 452
29804 l 168 148 134 124 463
29863 l 171 144 132 121 486
29922 l 174 145 129 118 487
29982 l 177 141 125 118 482
30541 l 180 136 125 114 481
30573 l 177 133 124 112 485
30605 l 174 138 123 116 480
30646 l 171 136 127 118 489
30705 l 168 141 130 119 490
30764 l 165 146 130 124 481
30823 l 162 145 131 120 474
30882 l 159 146 135 123 452
30942 l 156 153 139 129 408
31001 l 153 157 138 131 365
31060 l 150 162 143 136 310
31120 l 147 168 150 142 282
31178 l 144 171 154 146 271
31238 l 141 177 158 156 247
31297 l 138 176 168 166 226
31356 l 135 175 180 169 215
31416 l 132 166 191 174 198
31474 l 129 158 255 173 191
31534 l 126 149 255 169 186
31593 l 123 141 255 159 172
31652 l 120 134 255 157 170
31712 l 117 131 255 152 162
31771 l 114 128 255 144 159
31830 l 111 125 255 138 155
31889 l 108 119 255 138 154
31948 l 105 117 255 135 149
32008 l 102 114 255 134 149
32067 l 99 115 255 134 142
32125 l 96 112 255 131 142
32185 l 93 114 255 128 139
32244 l 90 108 255 126 139
32304 l 87 109 255 124 140
32363 l 84 109 255 127 142
32421 l 81 109 255 129 140
32481 l 78 113 255 131 142
32540 l 75 112 255 133 146
32600 l 72 116 255 135 155
32658 l 69 119 255 140 156
32717 l 66 120 255 144 158
32777 l 63 122 255 143 163
32836 l 60 126 255 151 176
32896 l 57 131 255 155 179
32954 l 54 137 255 162 182
33013 l 51 141 255 169 181
33074 l 48 152 255 179 180
33133 l 45 158 255 187 177
33191 l 42 163 255 203 170
33252 l 39 169 190 216 160
33311 l 36 166 182 229 154
33371 l 33 164 172 253 144
33430 l 30 159 169 279 137
33489 l 27 149 156 321 134
33549 l 24 143 152 360 129
33608 l 21 141 150 419 127
33668 l 18 137 147 452 121
33727 l 15 133 146 469 121
33786 l 12 133 139 473 122
33846 l 9 131 141 479 117
33905 l 6 131 138 477 116
33965 l 3 129 134 473 112
34525 l 0 125 136 468 113
34555 l 3 124 134 473 110
34612 l 6 125 135 472 110
34671 l 9 121 133 474 112
34731 l 12 126 135 475 110
34790 l 15 125 136 476 119
34849 l 18 129 140 478 119
34909 l 21 136 139 468 119
34968 l 24 139 145 445 121
35026 l 27 137 146 411 124
35086 l 30 143 150 351 125
35145 l 33 147 158 311 131
35205 l 36 155 161 280 134
35264 l 39 159 163 254 138
35322 l 42 164 174 233 145
35382 l 45 164 181 216 153
35441 l 48 167 184 201 162
35501 l 51 164 192 188 170
35560 l 54 160 255 178 180
35618 l 57 150 255 169 183
35678 l 60 147 255 162 184
35737 l 63 137 255 157 183
35796 l 66 132 255 150 178
35856 l 69 124 255 147 164
35914 l 72 125 255 139 164
35974 l 75 121 255 136 156
36033 l 78 114 255 133 151
36092 l 81 117 255 133 150
36152 l 84 115 255 128 147
36210 l 87 109 255 128 140
36270 l 90 111 255 127 143
36329 l 93 108 255 126 138
36388 l 96 109 255 125 138
36448 l 99 111 255 127 138
36506 l 102 110 255 130 138
36566 l 105 112 255 132 141
36625 l 108 113 255 137 141
36684 l 111 115 255 136 148
36744 l 114 117 255 139 149
36803 l 117 121 255 143 153
36861 l 120 123 255 148 157
36921 l 123 125 255 148 161
36980 l 126 131 255 156 167
37040 l 129 136 255 163 173
37099 l 132 145 255 167 177
37158 l 135 147 255 171 186
37217 l 138 161 255 176 197
37276 l 141 167 184 170 206
37336 l 144 169 177 165 219
37395 l 147 178 171 156 235
37454 l 150 175 160 148 253
37514 l 153 175 154 143 269
37572 l 156 166 146 139 299
37632 l 159 162 147 132 331
37691 l 162 153 142 127 375
37750 l 165 151 139 122 418
37810 l 168 147 138 117 460
37869 l 171 146 134 121 478
37927 l 174 140 131 117 481
37987 l 177 142 130 114 483
38546 l 180 135 125 114 474
38578 l 177 136 127 114 481
38609 l 174 136 126 114 480
38664 l 171 139 130 114 486
38723 l 168 140 129 118 483
38781 l 165 143 132 120 483
38842 l 162 141 135 121 473
38901 l 159 151 135 121 445
38961 l 156 150 138 125 411
39020 l 153 157 143 130 361
39079 l 150 164 147 132 311
39139 l 147 170 147 141 278
39198 l 144 174 160 146 263
39258 l 141 178 163 156 245
39317 l 138 173 171 161 228
39376 l 135 175 182 170 211
39436 l 132 169 190 173 204
39495 l 129 158 255 172 191
39555 l 126 149 255 171 180
39614 l 123 143 255 167 172
39673 l 120 136 255 160 170
39733 l 117 130 255 154 163
39792 l 114 126 255 146 160
39853 l 111 124 255 147 156
39911 l 108 120 255 141 152
39970 l 105 118 255 139 152
40031 l 102 116 255 137 145
40090 l 99 113 255 135 144
40148 l 96 113 255 129 145
40209 l 93 110 255 128 141
40268 l 90 109 255 127 137
40328 l 87 109 255 128 137
40387 l 84 108 255 129 139
40446 l 81 107 255 129 143
40506 l 78 114 255 131 142
40565 l 75 114 255 132 146
40625 l 72 114 255 134 153
40684 l 69 117 255 134 156
40743 l 66 120 255 140 157
40803 l 63 124 255 141 165
40862 l 60 126 255 144 168
40922 l 57 130 255 151 180
40981 l 54 137 255 155 181
41040 l 51 143 255 166 183
41101 l 48 148 255 171 181
41159 l 45 160 255 182 176
41219 l 42 163 255 193 168
41279 l 39 165 191 211 159
41338 l 36 164 181 225 150
41397 l 33 162 172 245 144
41457 l 30 159 164 269 137
41517 l 27 153 163 301 132
41576 l 24 148 157 341 125
41635 l 21 142 152 393 127
41695 l 18 134 148 440 123
41754 l 15 135 147 462 123
41814 l 12 133 143 478 121
41873 l 9 130 141 480 117
41932 l 6 128 141 477 114
41992 l 3 125 134 477 113
42551 l 0 122 136 466 111
42583 l 3 124 136 469 111
42614 l 6 124 138 473 112
42668 l 9 125 135 471 111
42727 l 12 123 140 478 113
42786 l 15 131 137 481 118
42846 l 18 130 143 478 117
42904 l 21 133 145 470 119
42963 l 24 135 147 448 123
43023 l 27 140 152 410 124
43082 l 30 143 150 365 134
43142 l 33 144 153 316 132
43200 l 36 153 162 286 134
43259 l 39 159 167 249 138
43319 l 42 164 177 236 146
43378 l 45 165 183 214 155
43438 l 48 169 191 207 170
43496 l 51 164 255 190 175
43555 l 54 160 255 177 182
43615 l 57 152 255 165 184
43674 l 60 143 255 159 179
43732 l 63 137 255 154 179
43792 l 66 133 255 151 173
43851 l 69 130 255 145 166
43911 l 72 123 255 140 159
43970 l 75 120 255 136 157
44028 l 78 116 255 136 153
44088 l 81 118 255 132 152
44147 l 84 118 255 132 147
44207 l 87 113 255 131 139
44266 l 90 110 255 127 141
44324 l 93 109 255 126 139
44384 l 96 108 255 128 143
44443 l 99 110 255 130 140
44503 l 102 111 255 130 142
44562 l 105 113 255 130 142
44621 l 108 112 255 133 147
44680 l 111 115 255 135 151
44739 l 114 117 255 139 152
44798 l 117 118 255 142 155
44858 l 120 122 255 143 160
44917 l 123 128 255 147 163
44977 l 126 133 255 154 167
45035 l 129 135 255 160 170
45094 l 132 140 255 169 179
45154 l 135 146 255 173 189
45213 l 138 156 255 172 198
45273 l 141 165 192 173 210
45331 l 144 172 186 161 221
45390 l 147 174 171 155 240
45450 l 150 173 161 148 260
45509 l 153 171 156 144 276
45569 l 156 166 149 138 316
45628 l 159 165 145 132 351
45686 l 162 156 142 129 400
45746 l 165 152 139 124 434
45805 l 168 150 136 119 473
45864 l 171 145 133 117 484
45924 l 174 144 131 117 485
45983 l 177 143 128 116 489
46541 l 180 137 124 114 481
46573 l 177 135 129 111 476
46631 l 174 139 128 111 489
46691 l 171 138 129 118 486
46750 l 168 139 129 117 486
46810 l 165 142 129 117 481
46869 l 162 147 135 119 462
46928 l 159 146 134 123 439
46988 l 156 153 139 124 401
47047 l 153 160 141 131 358
47107 l 150 166 148 134 303
47166 l 147 168 150 138 290
47225 l 144 175 157 141 262
47285 l 141 177 160 146 237
47344 l 138 178 170 158 229
47404 l 135 172 178 166 215
47463 l 132 169 186 169 205
47522 l 129 163 255 174 194
47582 l 126 152 255 173 184
47641 l 123 144 255 170 176
47702 l 120 138 255 163 172
47760 l 117 130 255 154 165
47819 l 114 128 255 150 158
47880 l 111 123 255 147 154
47939 l 108 121 255 145 149
47998 l 105 114 255 142 147
48057 l 102 114 255 135 147
48117 l 99 115 255 135 143
48177 l 96 113 255 133 141
48236 l 93 112 255 130 138
48295 l 90 111 255 130 140
48355 l 87 109 255 126 140
48414 l 84 108 255 128 143
48474 l 81 111 255 125 144
48533 l 78 113 255 129 145
48592 l 75 113 255 131 149
48652 l 72 113 255 137 151
48711 l 69 117 255 134 155
48771 l 66 121 255 135 157
48830 l 63 122 255 139 164
48889 l 60 126 255 144 170
48949 l 57 132 255 148 181
49008 l 54 134 255 154 182
49069 l 51 143 255 161 186
49127 l 48 147 255 167 182
49187 l 45 162 255 177 178
49247 l 42 164 255 190 170
49306 l 39 166 193 197 157
49366 l 36 165 183 214 151
49425 l 33 164 175 228 147
49484 l 30 159 169 248 139
49544 l 27 150 159 276 134
49603 l 24 142 155 315 128
49662 l 21 143 155 363 125
49722 l 18 140 148 411 123
49781 l 15 134 146 450 121
49841 l 12 134 144 469 120
49900 l 9 129 141 479 115
49959 l 6 131 138 482 114
50019 l 3 126 136 476 112
50579 l 0 124 134 469 110
50610 l 3 124 133 473 110
50662 l 6 124 136 469 114
50720 l 9 125 137 474 113
50780 l 12 126 140 479 114
50839 l 15 128 137 478 115
50898 l 18 131 143 483 115
50958 l 21 132 146 471 119
51017 l 24 135 146 450 120
51077 l 27 137 152 397 125
51135 l 30 142 153 358 126
51194 l 33 145 158 307 131
51254 l 36 151 160 273 137
51313 l 39 158 166 249 140
51373 l 42 164 173 233 147
51432 l 45 166 179 217 153
51490 l 48 166 184 203 161
51550 l 51 165 195 190 172
51609 l 54 163 255 177 178
51668 l 57 151 255 168 183
51727 l 60 146 255 161 188
51786 l 63 139 255 156 182
51846 l 66 132 255 149 177
51905 l 69 127 255 146 170
51964 l 72 123 255 143 163
52023 l 75 120 255 139 161
52082 l 78 116 255 134 156
52142 l 81 113 255 131 151
52201 l 84 113 255 131 145
52260 l 87 112 255 128 142
52319 l 90 110 255 129 144
52378 l 93 108 255 124 139
52438 l 96 109 255 128 138
52497 l 99 108 255 127 137
52556 l 102 109 255 129 141
52616 l 105 114 255 131 142
52674 l 108 112 255 132 145
52733 l 111 116 255 138 147
52793 l 114 118 255 140 150
52852 l 117 119 255 143 154
52912 l 120 122 255 147 158
52970 l 123 126 255 148 164
53029 l 126 128 255 158 164
53089 l 129 138 255 162 177
53148 l 132 140 255 173 179
53208 l 135 146 255 172 186
53267 l 138 156 255 176 193
53325 l 141 162 190 174 208
53385 l 144 171 182 160 217
53444 l 147 177 174 159 235
53504 l 150 176 164 144 249
53563 l 153 173 156 140 263
53622 l 156 169 152 135 293
53681 l 159 164 147 130 331
53740 l 162 161 142 129 382
53799 l 165 154 139 123 425
53859 l 168 147 136 121 461
53918 l 171 147 133 119 474
53978 l 174 147 131 118 489
54036 l 177 140 132 119 485
54596 l 180 136 127 111 481
54627 l 177 135 126 114 481
54659 l 174 135 126 114 483
54719 l 171 141 126 116 488
54778 l 168 141 129 119 486
54837 l 165 144 132 120 476
54897 l 162 148 135 123 466
54957 l 159 151 132 126 444
55016 l 156 155 142 126 404
55075 l 153 160 140 130 367
55135 l 150 164 145 132 323
55194 l 147 169 150 140 282
55254 l 144 172 153 145 266
55313 l 141 175 160 154 241
55372 l 138 178 173 160 225
55432 l 135 172 182 169 212
55491 l 132 169 190 173 201
55550 l 129 162 255 171 195
55610 l 126 153 255 168 184
55669 l 123 142 255 164 175
55729 l 120 137 255 158 167
55789 l 117 134 255 152 162
55847 l 114 126 255 146 159
55907 l 111 120 255 146 156
55967 l 108 118 255 141 151
56027 l 105 117 255 136 148
56086 l 102 116 255 137 147
56145 l 99 114 255 130 146
56205 l 96 114 255 132 141
56264 l 93 110 255 128 139
56324 l 90 109 255 126 142
56383 l 87 109 255 125 138
56442 l 84 108 255 124 139
56502 l 81 111 255 126 144
56561 l 78 110 255 134 146
56621 l 75 113 255 134 146
56680 l 72 114 255 131 153
56739 l 69 119 255 139 156
56799 l 66 122 255 136 160
56858 l 63 120 255 141 166
56918 l 60 128 255 144 175
56977 l 57 131 255 150 175
57036 l 54 141 255 158 182
57097 l 51 144 255 162 187
57156 l 48 150 255 173 182
57214 l 45 159 255 181 175
57275 l 42 166 255 192 169
57334 l 39 165 189 209 160
57394 l 36 164 185 220 148
57453 l 33 163 172 242 145
57512 l 30 162 166 261 138
57572 l 27 153 162 285 134
57631 l 24 149 156 333 130
57691 l 21 145 152 383 126
57750 l 18 134 150 426 123
57809 l 15 135 146 453 123
57869 l 12 132 143 476 119
57928 l 9 130 141 480 121
57988 l 6 126 140 482 118
58047 l 3 128 136 476 114
58606 l 0 123 137 466 111
58638 l 3 122 136 474 111
58670 l 6 122 135 475 112
58718 l 9 125 134 479 111
58776 l 12 126 139 472 114
58835 l 15 128 140 483 117
58895 l 18 132 143 477 118
58954 l 21 135 144 466 120
59014 l 24 135 144 454 126
59073 l 27 137 149 409 128
59132 l 30 144 155 364 129
59192 l 33 147 153 318 135
59250 l 36 152 159 278 136
59310 l 39 156 163 256 143
59369 l 42 161 175 233 152
59428 l 45 166 181 215 158
59488 l 48 167 187 203 168
59546 l 51 167 255 189 174
59606 l 54 161 255 180 179
59665 l 57 152 255 167 184
59724 l 60 148 255 159 185
59784 l 63 139 255 154 183
59842 l 66 133 255 151 176
59901 l 69 126 255 143 169
59961 l 72 120 255 139 162
60020 l 75 119 255 136 155
60080 l 78 117 255 135 152
60138 l 81 113 255 129 148
60197 l 84 114 255 131 143
60257 l 87 114 255 130 142
60316 l 90 110 255 128 137
60376 l 93 111 255 125 139
60434 l 96 110 255 129 138
60493 l 99 109 255 131 138
60553 l 102 110 255 131 143
60612 l 105 113 255 133 142
60672 l 108 112 255 132 147
60730 l 111 116 255 137 148
60789 l 114 117 255 135 156
60849 l 117 119 255 143 154
60908 l 120 124 255 149 159
60967 l 123 127 255 150 163
61027 l 126 131 255 157 167
61086 l 129 132 255 164 172
61145 l 132 141 255 168 181
61204 l 135 147 255 174 188
61263 l 138 159 255 172 201
61323 l 141 165 190 169 212
61382 l 144 174 183 167 224
61442 l 147 175 171 158 240
61500 l 150 174 164 149 260
61559 l 153 173 157 141 282
61619 l 156 168 151 140 317
61678 l 159 163 145 133 356
61737 l 162 160 141 127 397
61797 l 165 155 139 126 446
61855 l 168 149 135 121 471
61915 l 171 147 133 118 480
61974 l 174 143 133 117 486
62033 l 177 142 129 116 492
62593 l 180 136 127 113 479
62624 l 177 136 127 113 482
62655 l 174 137 127 113 478
62687 l 171 138 126 117 480
62745 l 168 140 130 117 488
62804 l 165 145 132 121 488
62864 l 162 144 133 118 471
62923 l 159 150 137 125 446
62983 l 156 153 137 128 401
63042 l 153 159 143 133 354
63101 l 150 164 144 136 315
63162 l 147 170 152 141 286
63221 l 144 173 155 147 261
63280 l 141 176 160 159 240
63339 l 138 172 173 162 223
63399 l 135 174 179 168 213
63459 l 132 171 188 176 198
63518 l 129 159 255 171 192
63578 l 126 154 255 169 184
63637 l 123 143 255 163 173
63696 l 120 136 255 156 168
63756 l 117 131 255 153 162
63815 l 114 124 255 146 159
63875 l 111 124 255 144 153
63934 l 108 120 255 141 153
63993 l 105 115 255 135 150
64053 l 102 114 255 135 148
64112 l 99 114 255 132 143
64172 l 96 115 255 131 139
64231 l 93 110 255 126 139
64291 l 90 107 255 124 138
64350 l 87 108 255 127 139
64409 l 84 108 255 128 140
64470 l 81 112 255 128 143
64529 l 78 112 255 132 146
64587 l 75 114 255 134 147
64648 l 72 113 255 132 151
64707 l 69 119 255 135 153
64766 l 66 117 255 140 157
64826 l 63 122 255 144 160
64885 l 60 129 255 152 170
64945 l 57 133 255 153 180
65004 l 54 137 255 159 180
65063 l 51 141 255 168 184
65123 l 48 150 255 175 182
65182 l 45 160 255 184 178
65242 l 42 162 255 200 170
65301 l 39 166 193 216 157
65361 l 36 163 187 229 150
65420 l 33 164 173 246 143
65479 l 30 159 163 280 138
65540 l 27 152 160 308 135
65599 l 24 149 159 360 129
65657 l 21 142 154 410 124
65718 l 18 137 147 448 124
65777 l 15 138 147 471 119
65837 l 12 134 144 476 120
65896 l 9 131 143 478 116
65955 l 6 129 138 474 114
66015 l 3 126 136 475 111
66574 l 0 124 136 468 111
66606 l 3 125 134 467 111
66654 l 6 119 136 470 113
66713 l 9 124 139 472 112
66772 l 12 126 138 479 117
66832 l 15 126 138 477 118
66890 l 18 133 143 480 120
66950 l 21 131 146 467 121
67009 l 24 135 147 445 122
67068 l 27 137 150 413 124
67128 l 30 142 151 354 125
67187 l 33 147 154 318 130
67247 l 36 152 157 280 136
67305 l 39 159 168 254 142
67364 l 42 162 172 230 146
67424 l 45 163 177 217 154
67483 l 48 164 193 200 162
67543 l 51 166 255 188 174
67601 l 54 160 255 176 179
67660 l 57 156 255 167 183
67720 l 60 145 255 161 185
67779 l 63 139 255 153 180
67838 l 66 134 255 150 176
67897 l 69 127 255 145 172
67956 l 72 123 255 139 160
68016 l 75 121 255 135 158
68075 l 78 118 255 134 156
68134 l 81 115 255 130 150
68193 l 84 113 255 130 146
68252 l 87 115 255 130 143
68312 l 90 111 255 128 141
68371 l 93 112 255 126 140
68430 l 96 109 255 128 136
68489 l 99 110 255 128 135
68548 l 102 112 255 130 142
68608 l 105 112 255 131 141
68667 l 108 114 255 133 146
68726 l 111 115 255 134 151
68786 l 114 117 255 141 151
68845 l 117 120 255 142 153
68903 l 120 122 255 144 157
68963 l 123 125 255 151 161
69022 l 126 131 255 156 165
69082 l 129 135 255 164 172
69141 l 132 141 255 171 179
69200 l 135 152 255 171 188
69259 l 138 160 255 172 199
69318 l 141 169 193 170 209
69378 l 144 170 180 165 221
69437 l 147 174 175 156 231
69496 l 150 176 162 144 252
69555 l 153 175 159 140 270
69614 l 156 168 154 136 293
69673 l 159 161 148 130 335
69733 l 162 154 144 126 379
69792 l 165 154 140 125 424
69852 l 168 149 133 122 463
69910 l 171 145 136 121 485
69969 l 174 146 129 119 482
70029 l 177 142 130 119 484
70588 l 180 136 125 115 478
70620 l 177 136 124 113 479
70656 l 174 137 127 113 481
70715 l 171 139 129 115 480
70773 l 168 143 129 118 487
70834 l 165 143 131 123 487
70893 l 162 145 132 123 473
70952 l 159 152 137 123 440
71012 l 156 152 139 128 414
71071 l 153 158 140 128 356
71131 l 150 163 145 132 314
71190 l 147 166 151 139 288
71249 l 144 169 154 146 257
71309 l 141 177 162 153 240
71368 l 138 178 172 158 226
71428 l 135 173 178 167 213
71487 l 132 169 187 172 204
71546 l 129 157 255 174 194
71606 l 126 150 255 172 184
71665 l 123 143 255 167 176
71725 l 120 138 255 159 167
71785 l 117 129 255 152 164
71844 l 114 127 255 147 162
71903 l 111 125 255 143 152
71962 l 108 120 255 141 154
72023 l 105 117 255 138 153
72082 l 102 115 255 136 147
72141 l 99 112 255 133 143
72201 l 96 112 255 131 141
72260 l 93 111 255 127 139
72320 l 90 109 255 127 140
72379 l 87 112 255 129 138
72438 l 84 110 255 120 141
72498 l 81 111 255 129 141
72557 l 78 112 255 131 146
72616 l 75 115 255 131 149
72676 l 72 116 255 134 150
72735 l 69 118 255 135 152
72795 l 66 120 255 138 159
72854 l 63 124 255 144 165
72913 l 60 127 255 147 170
72974 l 57 131 255 149 179
73032 l 54 135 255 156 184
73092 l 51 145 255 168 181
73152 l 48 153 255 171 180
73211 l 45 161 255 178 178
73270 l 42 165 255 190 168
73330 l 39 168 186 204 161
73390 l 36 166 183 221 150
73449 l 33 163 175 240 143
73508 l 30 161 168 264 136
73568 l 27 153 164 295 131
73627 l 24 147 156 336 129
73687 l 21 145 150 388 127
73746 l 18 141 150 425 122
73805 l 15 136 146 457 121
73865 l 12 134 143 475 121
73924 l 9 128 142 478 116
73984 l 6 129 141 476 115
74043 l 3 128 139 471 113
74602 l 0 126 136 475 110
74634 l 3 122 135 469 111
74665 l 6 124 137 469 111
74711 l 9 124 135 474 112
74770 l 12 127 139 478 116
74829 l 15 128 141 476 121
74889 l 18 132 142 474 119
74947 l 21 132 141 471 122
75006 l 24 134 144 459 123
75066 l 27 136 148 414 125
75125 l 30 144 152 358 131
75185 l 33 147 156 326 133
75243 l 36 149 160 287 141
75302 l 39 156 166 254 146
75362 l 42 163 174 232 152
75421 l 45 165 179 216 160
75481 l 48 165 189 203 169
75540 l 51 164 255 191 178
75599 l 54 163 255 178 183
75659 l 57 155 255 169 185
75717 l 60 145 255 160 182
75777 l 63 136 255 154 181
75836 l 66 129 255 149 175
75895 l 69 124 255 147 168
75954 l 72 125 255 141 163
76013 l 75 116 255 136 156
76072 l 78 115 255 136 152
76132 l 81 115 255 134 148
76191 l 84 110 255 131 144
76250 l 87 110 255 128 142
76309 l 90 111 255 126 141
76368 l 93 109 255 126 137
76428 l 96 110 255 127 138
76487 l 99 112 255 127 141
76547 l 102 110 255 129 140
76606 l 105 112 255 134 146
76665 l 108 115 255 133 149
76725 l 111 115 255 138 148
76783 l 114 117 255 138 154
76843 l 117 119 255 140 154
76902 l 120 123 255 145 157
76961 l 123 126 255 149 163
77021 l 126 134 255 158 170
77079 l 129 138 255 163 175
77138 l 132 145 255 168 182
77198 l 135 151 255 171 192
77257 l 138 158 255 169 205
77317 l 141 168 191 170 213
77376 l 144 172 182 170 222
77434 l 147 175 172 155 242
77494 l 150 176 166 151 260
77553 l 153 172 158 141 286
77613 l 156 170 153 138 314
77672 l 159 166 143 131 354
77731 l 162 158 143 130 407
77790 l 165 154 136 125 449
77849 l 168 151 136 120 472
77908 l 171 145 134 118 479
77968 l 174 143 134 119 484
78027 l 177 140 130 116 485
78586 l 180 134 126 114 478
78618 l 177 137 127 110 482
78679 l 174 139 128 114 481
78738 l 171 139 132 117 481
78797 l 168 143 130 118 483
78857 l 165 146 132 118 489
78915 l 162 147 131 122 482
78974 l 159 151 136 124 468
79034 l 156 153 138 129 440
79093 l 153 160 144 134 400
79153 l 150 162 145 138 350
79212 l 147 167 150 140 303
79270 l 144 172 155 151 282
79330 l 141 176 159 156 257
79389 l 138 175 170 163 240
79449 l 135 175 175 171 227
79508 l 132 171 188 171 214
79567 l 129 163 255 173 204
79626 l 126 152 255 169 190
79685 l 123 141 255 160 183
79745 l 120 136 255 155 174
79804 l 117 128 255 150 167
79863 l 114 127 255 144 163
79922 l 111 120 255 142 158
79981 l 108 122 255 139 156
80040 l 105 116 255 134 151
80100 l 102 118 255 133 148
80159 l 99 112 255 134 149
80219 l 96 112 255 131 145
80277 l 93 113 255 126 141
80336 l 90 109 255 124 141
80396 l 87 109 255 127 138
80455 l 84 109 255 128 139
80515 l 81 110 255 126 137
80573 l 78 110 255 131 145
80632 l 75 117 255 132 148
80692 l 72 116 255 134 149
80751 l 69 118 164 137 151
80811 l 66 118 161 140 156
80870 l 63 121 167 141 157
80928 l 60 124 56 148 167
80988 l 57 130 44 152 173
81047 l 54 137 58 161 176
81106 l 51 143 78 168 183
81166 l 48 154 73 179 184
81225 l 45 160 87 188 182
81285 l 42 162 122 202 174
81344 l 39 166 158 216 167
81402 l 36 165 181 237 158
81462 l 33 161 173 260 147
81521 l 30 159 167 290 142
81581 l 27 154 165 322 135
81640 l 24 146 158 374 135
81699 l 21 144 156 417 129
81758 l 18 138 151 457 127
81817 l 15 133 144 468 125
81876 l 12 133 144 421 120
81936 l 9 132 140 267 118
81994 l 6 132 140 182 116
82054 l 3 125 138 158 115
82614 l 0 122 135 456 112
82646 l 3 124 139 470 112
82676 l 6 124 138 474 112
82725 l 9 122 137 472 113
82786 l 12 127 139 475 116
82844 l 15 125 136 475 117
82904 l 18 134 140 479 120
82964 l 21 133 144 473 122
83023 l 24 137 148 455 125
83082 l 27 137 148 420 127
83142 l 30 145 156 372 132
83202 l 33 146 156 327 133
83261 l 36 153 163 293 139
83320 l 39 157 168 267 143
83380 l 42 164 174 237 153
83439 l 45 163 182 221 158
83499 l 48 166 192 205 165
83558 l 51 162 255 196 177
83617 l 54 159 255 182 182
83677 l 57 156 255 173 183
83736 l 60 148 255 166 183
83795 l 63 141 255 158 179
83855 l 66 134 255 153 174
83914 l 69 125 255 148 167
83974 l 72 125 255 142 161
84034 l 75 121 255 137 155
84092 l 78 119 255 134 151
84153 l 81 117 255 131 149
84212 l 84 114 255 134 146
84272 l 87 113 255 131 143
84331 l 90 112 255 127 139
84390 l 93 109 255 128 137
84450 l 96 109 255 125 138
84509 l 99 109 255 126 139
84569 l 102 110 255 129 142
84628 l 105 111 255 133 145
84687 l 108 115 255 134 145
84747 l 111 113 255 136 152
84806 l 114 117 255 134 150
84866 l 117 121 255 142 155
84925 l 120 121 255 144 158
84984 l 123 125 255 148 165
85044 l 126 131 255 155 170
85103 l 129 136 255 163 177
85164 l 132 143 255 167 184
85223 l 135 151 163 171 193
85282 l 138 157 42 174 203
85342 l 141 167 31 171 213
85401 l 144 173 28 170 229
85460 l 147 177 25 157 246
85520 l 150 178 23 149 264
85579 l 153 171 19 145 284
85639 l 156 169 16 138 322
85698 l 159 164 14 132 358
85757 l 162 159 17 126 416
85817 l 165 153 22 125 454
85876 l 168 150 28 123 479
85936 l 171 147 29 124 486
85995 l 174 146 29 121 492
86054 l 177 142 33 115 486
86615 l 180 137 126 113 487
86646 l 177 136 123 113 483
86677 l 174 136 129 117 484
86736 l 171 142 126 116 480
86796 l 168 143 132 119 493
86854 l 165 146 133 120 489
86914 l 162 148 132 123 483
86973 l 159 147 134 122 467
87032 l 156 154 136 127 432
87092 l 153 158 142 132 381
87151 l 150 162 147 139 334
87211 l 147 167 151 142 299
87270 l 144 171 158 148 274
87328 l 141 178 165 156 252
87388 l 138 174 174 165 234
87447 l 135 177 182 171 218
87506 l 132 164 186 171 205
87566 l 129 156 190 174 196
87625 l 126 149 186 170 184
87684 l 123 143 180 164 174
87743 l 120 135 169 158 171
87802 l 117 131 160 153 163
87862 l 114 126 158 145 158
87921 l 111 120 149 141 156
87980 l 108 120 146 138 155
88039 l 105 121 151 135 152
88098 l 102 115 160 135 149
88158 l 99 114 179 131 143
88217 l 96 113 255 133 145
88275 l 93 108 255 124 136
88335 l 90 110 255 126 137
88394 l 87 107 255 124 139
88454 l 84 111 255 127 139
88513 l 81 113 255 130 142
88572 l 78 110 255 130 145
88632 l 75 114 255 131 147
88690 l 72 114 255 134 152
88750 l 69 116 255 136 154
88809 l 66 120 255 140 162
88868 l 63 121 255 145 163
88928 l 60 126 255 148 171
88986 l 57 133 255 156 178
89046 l 54 138 255 160 176
89105 l 51 144 255 169 176
89164 l 48 151 255 174 182
89224 l 45 159 255 184 179
89282 l 42 164 255 192 170
89341 l 39 165 192 199 165
89401 l 36 163 179 202 156
89460 l 33 161 175 202 145
89520 l 30 159 164 207 137
89579 l 27 153 166 218 137
89638 l 24 148 159 242 131
89698 l 21 144 154 323 125
89756 l 18 139 149 405 126
89816 l 15 137 148 467 123
89875 l 12 132 141 483 120
89934 l 9 134 144 484 118
89994 l 6 130 140 481 116
90052 l 3 127 139 476 114
90612 l 0 125 134 469 111